STATION_NUMBER,date,flow_cms,quality_symbol
08JE005,1980-01-01,1.0299999713897705,B
08JE005,1980-02-01,0.8700000047683716,B
08JE005,1980-03-01,1.0099999904632568,B
08JE005,1980-04-01,0.9350000023841858,B
08JE005,1980-05-01,6.960000038146973,
08JE005,1980-06-01,11.399999618530272,
08JE005,1980-07-01,6.019999980926514,
08JE005,1980-08-01,3.130000114440918,
08JE005,1980-09-01,1.3300000429153442,
08JE005,1980-10-01,1.7100000381469729,
08JE005,1980-11-01,1.8200000524520876,
08JE005,1980-12-01,4.099999904632568,B
08JE005,1981-01-01,3.900000095367432,B
08JE005,1981-02-01,2.7699999809265137,B
08JE005,1981-03-01,2.390000104904175,B
08JE005,1981-04-01,2.0299999713897705,B
08JE005,1981-05-01,17.5,
08JE005,1981-06-01,28.899999618530277,
08JE005,1981-07-01,12.100000381469728,
08JE005,1981-08-01,3.990000009536743,
08JE005,1981-09-01,1.1200000047683716,
08JE005,1981-10-01,0.6940000057220459,
08JE005,1981-11-01,0.7900000214576721,
08JE005,1981-12-01,1.4800000190734863,B
08JE005,1982-01-01,2.130000114440918,B
08JE005,1982-02-01,2.2100000381469727,B
08JE005,1982-03-01,1.1399999856948853,B
08JE005,1982-04-01,2.75,B
08JE005,1982-05-01,13.199999809265137,E
08JE005,1982-06-01,28.100000381469727,E
08JE005,1982-07-01,12.899999618530272,
08JE005,1982-08-01,5.630000114440918,
08JE005,1982-09-01,2.680000066757202,
08JE005,1982-10-01,1.7999999523162842,
08JE005,1982-11-01,2.450000047683716,
08JE005,1982-12-01,2.319999933242798,B
08JE005,1983-01-01,2.109999895095825,B
08JE005,1983-02-01,2.720000028610229,B
08JE005,1983-03-01,2.150000095367432,B
08JE005,1983-04-01,1.659999966621399,
08JE005,1983-05-01,20.700000762939453,
08JE005,1983-06-01,16.299999237060547,
08JE005,1983-07-01,8.989999771118164,
08JE005,1983-08-01,9.859999656677246,
08JE005,1983-09-01,2.7100000381469727,
08JE005,1983-10-01,2.5,
08JE005,1983-11-01,2.380000114440918,
08JE005,1983-12-01,1.5199999809265137,B
08JE005,1984-01-01,1.3600000143051147,B
08JE005,1984-02-01,3.0,B
08JE005,1984-03-01,2.359999895095825,B
08JE005,1984-04-01,3.220000028610229,B
08JE005,1984-05-01,10.300000190734863,
08JE005,1984-06-01,37.29999923706055,
08JE005,1984-07-01,14.199999809265137,
08JE005,1984-08-01,4.559999942779541,
08JE005,1984-09-01,1.8600000143051147,
08JE005,1984-10-01,1.6799999475479126,
08JE005,1984-11-01,2.069999933242798,B
08JE005,1984-12-01,1.7999999523162842,B
08JE005,1986-01-01,1.6200000047683716,B
08JE005,1986-02-01,1.75,B
08JE005,1986-03-01,1.649999976158142,B
08JE005,1986-04-01,2.490000009536743,B
08JE005,1986-05-01,7.980000019073486,
08JE005,1986-06-01,42.20000076293945,E
08JE005,1986-07-01,15.899999618530272,E
08JE005,1986-08-01,3.900000095367432,
08JE005,1986-09-01,1.1299999952316284,
08JE005,1986-10-01,0.9240000247955322,
08JE005,1986-11-01,1.600000023841858,
08JE005,1986-12-01,0.9039999842643738,B
08JE005,1989-04-01,,
08JE005,1989-05-01,24.899999618530277,
08JE005,1989-06-01,20.200000762939453,
08JE005,1989-07-01,4.369999885559082,
08JE005,1989-08-01,2.039999961853028,
08JE005,1989-09-01,0.7509999871253967,
08JE005,1989-10-01,0.2430000007152557,
08JE005,1989-11-01,0.44600000977516174,
08JE005,1989-12-01,1.2799999713897705,B
08JE005,1980-01-02,1.0299999713897705,B
08JE005,1980-02-02,0.875,B
08JE005,1980-03-02,0.8999999761581421,B
08JE005,1980-04-02,0.9549999833106996,B
08JE005,1980-05-02,7.340000152587891,
08JE005,1980-06-02,11.199999809265137,
08JE005,1980-07-02,5.920000076293945,
08JE005,1980-08-02,2.950000047683716,
08JE005,1980-09-02,1.309999942779541,
08JE005,1980-10-02,1.7599999904632568,
08JE005,1980-11-02,1.8899999856948853,
08JE005,1980-12-02,4.099999904632568,B
08JE005,1981-01-02,3.869999885559082,B
08JE005,1981-02-02,2.720000028610229,B
08JE005,1981-03-02,2.390000104904175,B
08JE005,1981-04-02,2.0999999046325684,B
08JE005,1981-05-02,18.299999237060547,
08JE005,1981-06-02,28.200000762939453,
08JE005,1981-07-02,11.699999809265137,
08JE005,1981-08-02,3.740000009536743,
08JE005,1981-09-02,1.1100000143051147,
08JE005,1981-10-02,0.6320000290870667,
08JE005,1981-11-02,0.8550000190734863,
08JE005,1981-12-02,1.4800000190734863,B
08JE005,1982-01-02,2.0799999237060547,B
08JE005,1982-02-02,2.130000114440918,B
08JE005,1982-03-02,1.1399999856948853,B
08JE005,1982-04-02,2.819999933242798,B
08JE005,1982-05-02,14.5,E
08JE005,1982-06-02,27.299999237060547,E
08JE005,1982-07-02,12.399999618530272,
08JE005,1982-08-02,5.46999979019165,
08JE005,1982-09-02,2.640000104904175,
08JE005,1982-10-02,1.7200000286102295,
08JE005,1982-11-02,2.470000028610229,
08JE005,1982-12-02,2.359999895095825,B
08JE005,1983-01-02,2.0999999046325684,B
08JE005,1983-02-02,2.7100000381469727,B
08JE005,1983-03-02,2.130000114440918,B
08JE005,1983-04-02,1.7300000190734863,
08JE005,1983-05-02,21.399999618530277,
08JE005,1983-06-02,15.899999618530272,
08JE005,1983-07-02,9.0600004196167,
08JE005,1983-08-02,9.630000114440918,
08JE005,1983-09-02,2.690000057220459,
08JE005,1983-10-02,2.680000066757202,
08JE005,1983-11-02,2.2699999809265137,
08JE005,1983-12-02,1.5,B
08JE005,1984-01-02,1.4299999475479126,B
08JE005,1984-02-02,3.0999999046325684,B
08JE005,1984-03-02,2.4200000762939453,B
08JE005,1984-04-02,3.2799999713897705,B
08JE005,1984-05-02,11.5,
08JE005,1984-06-02,34.70000076293945,
08JE005,1984-07-02,14.0,
08JE005,1984-08-02,4.400000095367432,
08JE005,1984-09-02,1.8799999952316284,
08JE005,1984-10-02,1.7100000381469729,
08JE005,1984-11-02,2.0199999809265137,B
08JE005,1984-12-02,1.7699999809265137,B
08JE005,1986-01-02,1.659999966621399,B
08JE005,1986-02-02,1.7400000095367432,B
08JE005,1986-03-02,1.659999966621399,B
08JE005,1986-04-02,2.5799999237060547,B
08JE005,1986-05-02,7.989999771118164,
08JE005,1986-06-02,42.400001525878906,E
08JE005,1986-07-02,16.0,E
08JE005,1986-08-02,3.690000057220459,
08JE005,1986-09-02,1.0800000429153442,
08JE005,1986-10-02,0.9980000257492064,
08JE005,1986-11-02,1.600000023841858,
08JE005,1986-12-02,0.902999997138977,B
08JE005,1989-04-02,,
08JE005,1989-05-02,27.5,
08JE005,1989-06-02,19.100000381469727,
08JE005,1989-07-02,4.230000019073486,
08JE005,1989-08-02,2.0199999809265137,
08JE005,1989-09-02,0.6930000185966492,
08JE005,1989-10-02,0.2280000001192093,
08JE005,1989-11-02,0.4650000035762787,
08JE005,1989-12-02,1.399999976158142,B
08JE005,1980-01-03,1.0199999809265137,B
08JE005,1980-02-03,0.8700000047683716,B
08JE005,1980-03-03,0.8600000143051147,B
08JE005,1980-04-03,0.9900000095367432,B
08JE005,1980-05-03,7.320000171661377,
08JE005,1980-06-03,10.899999618530272,
08JE005,1980-07-03,5.800000190734863,
08JE005,1980-08-03,2.7699999809265137,
08JE005,1980-09-03,1.2999999523162842,
08JE005,1980-10-03,1.7599999904632568,
08JE005,1980-11-03,1.9800000190734863,
08JE005,1980-12-03,4.179999828338623,B
08JE005,1981-01-03,3.849999904632568,B
08JE005,1981-02-03,2.680000066757202,B
08JE005,1981-03-03,2.4200000762939453,B
08JE005,1981-04-03,2.220000028610229,B
08JE005,1981-05-03,19.100000381469727,
08JE005,1981-06-03,26.700000762939453,
08JE005,1981-07-03,11.199999809265137,
08JE005,1981-08-03,3.569999933242798,
08JE005,1981-09-03,1.100000023841858,
08JE005,1981-10-03,0.6150000095367432,
08JE005,1981-11-03,0.9480000138282776,
08JE005,1981-12-03,1.5,B
08JE005,1982-01-03,2.0199999809265137,B
08JE005,1982-02-03,2.049999952316284,B
08JE005,1982-03-03,1.149999976158142,B
08JE005,1982-04-03,2.900000095367432,B
08JE005,1982-05-03,16.299999237060547,E
08JE005,1982-06-03,26.799999237060547,E
08JE005,1982-07-03,11.600000381469728,
08JE005,1982-08-03,5.320000171661377,
08JE005,1982-09-03,2.569999933242798,
08JE005,1982-10-03,1.6299999952316284,
08JE005,1982-11-03,2.569999933242798,
08JE005,1982-12-03,2.390000104904175,B
08JE005,1983-01-03,2.109999895095825,B
08JE005,1983-02-03,2.700000047683716,B
08JE005,1983-03-03,2.119999885559082,B
08JE005,1983-04-03,1.7400000095367432,
08JE005,1983-05-03,22.100000381469727,
08JE005,1983-06-03,15.399999618530272,
08JE005,1983-07-03,9.4399995803833,
08JE005,1983-08-03,9.210000038146973,
08JE005,1983-09-03,2.619999885559082,
08JE005,1983-10-03,2.5899999141693115,
08JE005,1983-11-03,2.119999885559082,
08JE005,1983-12-03,1.4800000190734863,B
08JE005,1984-01-03,1.5499999523162842,B
08JE005,1984-02-03,3.200000047683716,B
08JE005,1984-03-03,2.5,B
08JE005,1984-04-03,3.299999952316284,B
08JE005,1984-05-03,12.300000190734863,
08JE005,1984-06-03,33.0,
08JE005,1984-07-03,13.699999809265137,
08JE005,1984-08-03,4.260000228881836,
08JE005,1984-09-03,1.850000023841858,
08JE005,1984-10-03,1.7699999809265137,
08JE005,1984-11-03,2.0,B
08JE005,1984-12-03,1.7599999904632568,B
08JE005,1986-01-03,1.6799999475479126,B
08JE005,1986-02-03,1.7300000190734863,B
08JE005,1986-03-03,1.6799999475479126,B
08JE005,1986-04-03,2.5899999141693115,B
08JE005,1986-05-03,8.15999984741211,
08JE005,1986-06-03,41.400001525878906,E
08JE005,1986-07-03,15.600000381469728,E
08JE005,1986-08-03,3.4600000381469727,
08JE005,1986-09-03,1.0299999713897705,
08JE005,1986-10-03,1.0099999904632568,
08JE005,1986-11-03,1.6299999952316284,
08JE005,1986-12-03,0.9039999842643738,B
08JE005,1989-04-03,,
08JE005,1989-05-03,29.700000762939453,
08JE005,1989-06-03,18.100000381469727,
08JE005,1989-07-03,4.300000190734863,
08JE005,1989-08-03,1.899999976158142,
08JE005,1989-09-03,0.6489999890327454,
08JE005,1989-10-03,0.23600000143051147,
08JE005,1989-11-03,0.492000013589859,
08JE005,1989-12-03,1.4700000286102295,B
08JE005,1980-01-04,1.0099999904632568,B
08JE005,1980-02-04,0.8600000143051147,B
08JE005,1980-03-04,0.8550000190734863,B
08JE005,1980-04-04,1.0299999713897705,B
08JE005,1980-05-04,7.510000228881836,
08JE005,1980-06-04,10.5,
08JE005,1980-07-04,5.889999866485596,
08JE005,1980-08-04,2.789999961853028,
08JE005,1980-09-04,1.3799999952316284,
08JE005,1980-10-04,1.75,
08JE005,1980-11-04,2.299999952316284,
08JE005,1980-12-04,4.099999904632568,B
08JE005,1981-01-04,3.819999933242798,B
08JE005,1981-02-04,2.6700000762939453,B
08JE005,1981-03-04,2.4200000762939453,B
08JE005,1981-04-04,2.299999952316284,B
08JE005,1981-05-04,19.899999618530277,
08JE005,1981-06-04,24.899999618530277,
08JE005,1981-07-04,10.600000381469728,
08JE005,1981-08-04,3.430000066757202,
08JE005,1981-09-04,1.0800000429153442,
08JE005,1981-10-04,0.6110000014305115,
08JE005,1981-11-04,0.9589999914169312,
08JE005,1981-12-04,1.5700000524520874,B
08JE005,1982-01-04,1.9700000286102293,B
08JE005,1982-02-04,1.950000047683716,B
08JE005,1982-03-04,1.1699999570846558,B
08JE005,1982-04-04,3.0,B
08JE005,1982-05-04,18.0,E
08JE005,1982-06-04,26.0,E
08JE005,1982-07-04,10.800000190734863,
08JE005,1982-08-04,5.099999904632568,
08JE005,1982-09-04,2.5199999809265137,
08JE005,1982-10-04,1.6299999952316284,
08JE005,1982-11-04,2.7100000381469727,
08JE005,1982-12-04,2.400000095367432,B
08JE005,1983-01-04,2.180000066757202,B
08JE005,1983-02-04,2.680000066757202,B
08JE005,1983-03-04,2.109999895095825,B
08JE005,1983-04-04,1.75,
08JE005,1983-05-04,22.600000381469727,
08JE005,1983-06-04,14.899999618530272,
08JE005,1983-07-04,9.949999809265137,
08JE005,1983-08-04,9.229999542236328,
08JE005,1983-09-04,2.430000066757202,
08JE005,1983-10-04,2.7100000381469727,
08JE005,1983-11-04,2.130000114440918,
08JE005,1983-12-04,1.4700000286102295,B
08JE005,1984-01-04,1.649999976158142,B
08JE005,1984-02-04,3.0999999046325684,B
08JE005,1984-03-04,2.609999895095825,B
08JE005,1984-04-04,3.309999942779541,B
08JE005,1984-05-04,13.0,
08JE005,1984-06-04,31.299999237060547,
08JE005,1984-07-04,13.199999809265137,
08JE005,1984-08-04,4.0,
08JE005,1984-09-04,1.840000033378601,
08JE005,1984-10-04,1.840000033378601,
08JE005,1984-11-04,1.9700000286102293,B
08JE005,1984-12-04,1.75,B
08JE005,1986-01-04,1.7200000286102295,B
08JE005,1986-02-04,1.7200000286102295,B
08JE005,1986-03-04,1.6699999570846558,B
08JE005,1986-04-04,2.619999885559082,B
08JE005,1986-05-04,8.279999732971191,
08JE005,1986-06-04,39.59999847412109,E
08JE005,1986-07-04,15.300000190734863,E
08JE005,1986-08-04,3.299999952316284,
08JE005,1986-09-04,1.059999942779541,
08JE005,1986-10-04,1.0499999523162842,
08JE005,1986-11-04,1.5499999523162842,
08JE005,1986-12-04,0.9070000052452089,B
08JE005,1989-04-04,,
08JE005,1989-05-04,32.29999923706055,
08JE005,1989-06-04,17.299999237060547,
08JE005,1989-07-04,4.110000133514404,
08JE005,1989-08-04,1.7699999809265137,
08JE005,1989-09-04,0.6399999856948853,
08JE005,1989-10-04,0.23600000143051147,
08JE005,1989-11-04,0.5329999923706055,
08JE005,1989-12-04,1.5,B
08JE005,1980-01-05,1.0099999904632568,B
08JE005,1980-02-05,0.8550000190734863,B
08JE005,1980-03-05,0.8550000190734863,B
08JE005,1980-04-05,1.0700000524520874,B
08JE005,1980-05-05,7.860000133514404,
08JE005,1980-06-05,10.300000190734863,
08JE005,1980-07-05,5.96999979019165,
08JE005,1980-08-05,2.7799999713897705,
08JE005,1980-09-05,1.5199999809265137,
08JE005,1980-10-05,1.7699999809265137,
08JE005,1980-11-05,2.5799999237060547,
08JE005,1980-12-05,3.900000095367432,B
08JE005,1981-01-05,3.75,B
08JE005,1981-02-05,2.619999885559082,B
08JE005,1981-03-05,2.400000095367432,B
08JE005,1981-04-05,2.369999885559082,B
08JE005,1981-05-05,20.5,
08JE005,1981-06-05,23.799999237060547,
08JE005,1981-07-05,10.100000381469728,
08JE005,1981-08-05,3.3299999237060547,
08JE005,1981-09-05,1.059999942779541,
08JE005,1981-10-05,0.6340000033378601,
08JE005,1981-11-05,0.9570000171661376,
08JE005,1981-12-05,1.7200000286102295,B
08JE005,1982-01-05,1.9600000381469729,B
08JE005,1982-02-05,1.830000042915344,B
08JE005,1982-03-05,1.1799999475479126,B
08JE005,1982-04-05,3.0999999046325684,B
08JE005,1982-05-05,19.5,E
08JE005,1982-06-05,25.399999618530277,E
08JE005,1982-07-05,10.399999618530272,
08JE005,1982-08-05,4.809999942779541,
08JE005,1982-09-05,2.4600000381469727,
08JE005,1982-10-05,1.6299999952316284,
08JE005,1982-11-05,2.680000066757202,
08JE005,1982-12-05,2.400000095367432,B
08JE005,1983-01-05,2.289999961853028,B
08JE005,1983-02-05,2.5999999046325684,B
08JE005,1983-03-05,2.0999999046325684,B
08JE005,1983-04-05,1.809999942779541,
08JE005,1983-05-05,22.899999618530277,
08JE005,1983-06-05,14.300000190734863,
08JE005,1983-07-05,10.399999618530272,
08JE005,1983-08-05,8.4399995803833,
08JE005,1983-09-05,2.289999961853028,
08JE005,1983-10-05,2.720000028610229,
08JE005,1983-11-05,2.119999885559082,
08JE005,1983-12-05,1.4500000476837158,B
08JE005,1984-01-05,1.7799999713897705,B
08JE005,1984-02-05,3.0,B
08JE005,1984-03-05,2.7100000381469727,B
08JE005,1984-04-05,3.3299999237060547,B
08JE005,1984-05-05,13.600000381469728,
08JE005,1984-06-05,30.200000762939453,
08JE005,1984-07-05,13.0,
08JE005,1984-08-05,3.950000047683716,
08JE005,1984-09-05,1.9800000190734863,
08JE005,1984-10-05,1.850000023841858,
08JE005,1984-11-05,1.950000047683716,B
08JE005,1984-12-05,1.7400000095367432,B
08JE005,1986-01-05,1.7599999904632568,B
08JE005,1986-02-05,1.659999966621399,B
08JE005,1986-03-05,1.6399999856948853,B
08JE005,1986-04-05,2.6700000762939453,B
08JE005,1986-05-05,8.59000015258789,
08JE005,1986-06-05,37.5,E
08JE005,1986-07-05,14.899999618530272,E
08JE005,1986-08-05,3.1700000762939453,
08JE005,1986-09-05,0.9670000076293944,
08JE005,1986-10-05,1.149999976158142,
08JE005,1986-11-05,1.600000023841858,
08JE005,1986-12-05,0.915000021457672,B
08JE005,1989-04-05,,
08JE005,1989-05-05,34.5,
08JE005,1989-06-05,16.299999237060547,
08JE005,1989-07-05,4.039999961853027,
08JE005,1989-08-05,1.7799999713897705,
08JE005,1989-09-05,0.5789999961853027,
08JE005,1989-10-05,0.2590000033378601,
08JE005,1989-11-05,0.531000018119812,
08JE005,1989-12-05,1.5299999713897705,B
08JE005,1980-01-06,1.0,B
08JE005,1980-02-06,0.8500000238418579,B
08JE005,1980-03-06,0.8550000190734863,B
08JE005,1980-04-06,1.1200000047683716,B
08JE005,1980-05-06,9.119999885559082,
08JE005,1980-06-06,10.0,
08JE005,1980-07-06,5.699999809265137,
08JE005,1980-08-06,2.740000009536743,
08JE005,1980-09-06,1.5299999713897705,
08JE005,1980-10-06,1.75,
08JE005,1980-11-06,3.130000114440918,
08JE005,1980-12-06,3.819999933242798,B
08JE005,1981-01-06,3.7200000286102295,B
08JE005,1981-02-06,2.5799999237060547,B
08JE005,1981-03-06,2.3499999046325684,B
08JE005,1981-04-06,2.430000066757202,B
08JE005,1981-05-06,21.299999237060547,
08JE005,1981-06-06,23.200000762939453,
08JE005,1981-07-06,9.399999618530272,
08JE005,1981-08-06,3.2300000190734863,
08JE005,1981-09-06,1.0800000429153442,
08JE005,1981-10-06,0.7519999742507935,
08JE005,1981-11-06,0.9070000052452089,
08JE005,1981-12-06,1.950000047683716,B
08JE005,1982-01-06,1.950000047683716,B
08JE005,1982-02-06,1.7799999713897705,B
08JE005,1982-03-06,1.190000057220459,B
08JE005,1982-04-06,3.180000066757202,B
08JE005,1982-05-06,21.200000762939453,E
08JE005,1982-06-06,24.899999618530277,E
08JE005,1982-07-06,10.100000381469728,
08JE005,1982-08-06,4.659999847412109,
08JE005,1982-09-06,2.440000057220459,
08JE005,1982-10-06,1.6299999952316284,
08JE005,1982-11-06,2.619999885559082,
08JE005,1982-12-06,2.390000104904175,B
08JE005,1983-01-06,2.470000028610229,B
08JE005,1983-02-06,2.5,B
08JE005,1983-03-06,2.119999885559082,B
08JE005,1983-04-06,1.899999976158142,
08JE005,1983-05-06,23.600000381469727,
08JE005,1983-06-06,13.899999618530272,
08JE005,1983-07-06,11.0,
08JE005,1983-08-06,7.849999904632568,
08JE005,1983-09-06,2.3499999046325684,
08JE005,1983-10-06,2.8499999046325684,
08JE005,1983-11-06,2.009999990463257,
08JE005,1983-12-06,1.440000057220459,B
08JE005,1984-01-06,1.9800000190734863,B
08JE005,1984-02-06,2.950000047683716,B
08JE005,1984-03-06,2.8299999237060547,B
08JE005,1984-04-06,3.380000114440918,B
08JE005,1984-05-06,13.899999618530272,
08JE005,1984-06-06,28.600000381469727,
08JE005,1984-07-06,12.5,
08JE005,1984-08-06,4.070000171661377,
08JE005,1984-09-06,1.9700000286102293,
08JE005,1984-10-06,1.899999976158142,
08JE005,1984-11-06,1.9299999475479128,B
08JE005,1984-12-06,1.7300000190734863,B
08JE005,1986-01-06,1.7899999618530271,B
08JE005,1986-02-06,1.600000023841858,B
08JE005,1986-03-06,1.6100000143051147,B
08JE005,1986-04-06,2.759999990463257,B
08JE005,1986-05-06,8.970000267028809,E
08JE005,1986-06-06,34.5,E
08JE005,1986-07-06,14.5,E
08JE005,1986-08-06,2.940000057220459,
08JE005,1986-09-06,0.7820000052452087,
08JE005,1986-10-06,1.1799999475479126,
08JE005,1986-11-06,1.5800000429153442,B
08JE005,1986-12-06,0.9200000166893004,B
08JE005,1989-04-06,,
08JE005,1989-05-06,34.599998474121094,
08JE005,1989-06-06,15.199999809265137,
08JE005,1989-07-06,4.039999961853027,
08JE005,1989-08-06,1.75,
08JE005,1989-09-06,0.5709999799728394,
08JE005,1989-10-06,0.2529999911785126,
08JE005,1989-11-06,0.5440000295639038,
08JE005,1989-12-06,1.5499999523162842,B
08JE005,1980-01-07,1.0,B
08JE005,1980-02-07,0.8399999737739563,B
08JE005,1980-03-07,0.8550000190734863,B
08JE005,1980-04-07,1.190000057220459,B
08JE005,1980-05-07,10.5,
08JE005,1980-06-07,10.0,
08JE005,1980-07-07,5.610000133514404,
08JE005,1980-08-07,2.5799999237060547,
08JE005,1980-09-07,1.5199999809265137,
08JE005,1980-10-07,1.7000000476837158,
08JE005,1980-11-07,3.7300000190734863,
08JE005,1980-12-07,3.799999952316284,B
08JE005,1981-01-07,3.690000057220459,B
08JE005,1981-02-07,2.559999942779541,B
08JE005,1981-03-07,2.299999952316284,B
08JE005,1981-04-07,2.490000009536743,B
08JE005,1981-05-07,21.600000381469727,
08JE005,1981-06-07,22.5,
08JE005,1981-07-07,8.970000267028809,
08JE005,1981-08-07,3.240000009536743,
08JE005,1981-09-07,1.090000033378601,
08JE005,1981-10-07,0.8320000171661377,
08JE005,1981-11-07,0.9279999732971193,
08JE005,1981-12-07,2.059999942779541,B
08JE005,1982-01-07,1.9700000286102293,B
08JE005,1982-02-07,1.7000000476837158,B
08JE005,1982-03-07,1.2200000286102295,B
08JE005,1982-04-07,3.2799999713897705,B
08JE005,1982-05-07,23.100000381469727,E
08JE005,1982-06-07,24.200000762939453,E
08JE005,1982-07-07,9.880000114440918,
08JE005,1982-08-07,4.489999771118164,
08JE005,1982-09-07,2.430000066757202,
08JE005,1982-10-07,1.7200000286102295,
08JE005,1982-11-07,2.630000114440918,
08JE005,1982-12-07,2.380000114440918,B
08JE005,1983-01-07,2.5999999046325684,B
08JE005,1983-02-07,2.430000066757202,B
08JE005,1983-03-07,2.140000104904175,B
08JE005,1983-04-07,1.9800000190734863,
08JE005,1983-05-07,24.899999618530277,
08JE005,1983-06-07,13.699999809265137,
08JE005,1983-07-07,13.800000190734863,
08JE005,1983-08-07,7.630000114440918,
08JE005,1983-09-07,2.289999961853028,
08JE005,1983-10-07,2.869999885559082,
08JE005,1983-11-07,1.909999966621399,
08JE005,1983-12-07,1.4199999570846558,B
08JE005,1984-01-07,2.2699999809265137,B
08JE005,1984-02-07,2.880000114440918,B
08JE005,1984-03-07,2.970000028610229,B
08JE005,1984-04-07,3.4200000762939453,B
08JE005,1984-05-07,14.199999809265137,
08JE005,1984-06-07,28.799999237060547,
08JE005,1984-07-07,12.0,
08JE005,1984-08-07,3.900000095367432,
08JE005,1984-09-07,1.9299999475479128,
08JE005,1984-10-07,2.059999942779541,
08JE005,1984-11-07,1.909999966621399,B
08JE005,1984-12-07,1.7200000286102295,B
08JE005,1986-01-07,1.830000042915344,B
08JE005,1986-02-07,1.5700000524520874,B
08JE005,1986-03-07,1.600000023841858,B
08JE005,1986-04-07,2.7799999713897705,B
08JE005,1986-05-07,9.739999771118164,E
08JE005,1986-06-07,32.0,E
08JE005,1986-07-07,13.800000190734863,E
08JE005,1986-08-07,2.720000028610229,
08JE005,1986-09-07,0.6909999847412109,
08JE005,1986-10-07,1.2100000381469729,
08JE005,1986-11-07,1.5199999809265137,B
08JE005,1986-12-07,0.9229999780654908,B
08JE005,1989-04-07,,
08JE005,1989-05-07,36.20000076293945,
08JE005,1989-06-07,14.5,
08JE005,1989-07-07,4.03000020980835,
08JE005,1989-08-07,1.690000057220459,
08JE005,1989-09-07,0.5759999752044678,
08JE005,1989-10-07,0.2329999953508377,
08JE005,1989-11-07,0.5740000009536743,
08JE005,1989-12-07,1.559999942779541,B
08JE005,1980-01-08,0.9900000095367432,B
08JE005,1980-02-08,0.8299999833106995,B
08JE005,1980-03-08,0.8600000143051147,B
08JE005,1980-04-08,1.2300000190734863,B
08JE005,1980-05-08,11.199999809265137,
08JE005,1980-06-08,9.670000076293944,
08JE005,1980-07-08,5.429999828338623,
08JE005,1980-08-08,2.5199999809265137,
08JE005,1980-09-08,1.5700000524520874,
08JE005,1980-10-08,1.649999976158142,
08JE005,1980-11-08,3.869999885559082,
08JE005,1980-12-08,3.700000047683716,B
08JE005,1981-01-08,3.680000066757202,B
08JE005,1981-02-08,2.539999961853028,B
08JE005,1981-03-08,2.2799999713897705,B
08JE005,1981-04-08,2.509999990463257,B
08JE005,1981-05-08,22.899999618530277,
08JE005,1981-06-08,21.899999618530277,
08JE005,1981-07-08,8.550000190734863,
08JE005,1981-08-08,3.0899999141693115,
08JE005,1981-09-08,1.0299999713897705,
08JE005,1981-10-08,0.8360000252723694,
08JE005,1981-11-08,0.9679999947547911,
08JE005,1981-12-08,2.0999999046325684,B
08JE005,1982-01-08,1.9900000095367432,B
08JE005,1982-02-08,1.649999976158142,B
08JE005,1982-03-08,1.2599999904632568,B
08JE005,1982-04-08,3.3299999237060547,B
08JE005,1982-05-08,25.299999237060547,E
08JE005,1982-06-08,23.5,E
08JE005,1982-07-08,9.670000076293944,
08JE005,1982-08-08,4.409999847412109,
08JE005,1982-09-08,2.7799999713897705,
08JE005,1982-10-08,1.7000000476837158,
08JE005,1982-11-08,2.6600000858306885,
08JE005,1982-12-08,2.3499999046325684,B
08JE005,1983-01-08,2.690000057220459,B
08JE005,1983-02-08,2.4200000762939453,B
08JE005,1983-03-08,2.150000095367432,B
08JE005,1983-04-08,2.069999933242798,
08JE005,1983-05-08,26.799999237060547,
08JE005,1983-06-08,13.300000190734863,
08JE005,1983-07-08,14.300000190734863,
08JE005,1983-08-08,7.380000114440918,
08JE005,1983-09-08,2.190000057220459,
08JE005,1983-10-08,2.900000095367432,
08JE005,1983-11-08,1.8899999856948853,
08JE005,1983-12-08,1.399999976158142,B
08JE005,1984-01-08,2.5,B
08JE005,1984-02-08,2.819999933242798,B
08JE005,1984-03-08,3.130000114440918,B
08JE005,1984-04-08,3.4800000190734863,B
08JE005,1984-05-08,15.100000381469728,
08JE005,1984-06-08,28.399999618530277,
08JE005,1984-07-08,11.5,
08JE005,1984-08-08,3.809999942779541,
08JE005,1984-09-08,2.0999999046325684,
08JE005,1984-10-08,2.0799999237060547,
08JE005,1984-11-08,1.899999976158142,B
08JE005,1984-12-08,1.7100000381469729,B
08JE005,1986-01-08,1.850000023841858,B
08JE005,1986-02-08,1.5399999618530271,B
08JE005,1986-03-08,1.590000033378601,B
08JE005,1986-04-08,2.799999952316284,B
08JE005,1986-05-08,11.600000381469728,E
08JE005,1986-06-08,30.799999237060547,E
08JE005,1986-07-08,13.600000381469728,E
08JE005,1986-08-08,2.5999999046325684,
08JE005,1986-09-08,0.6899999976158142,
08JE005,1986-10-08,1.2200000286102295,
08JE005,1986-11-08,1.4500000476837158,B
08JE005,1986-12-08,0.9240000247955322,B
08JE005,1989-04-08,,
08JE005,1989-05-08,37.20000076293945,
08JE005,1989-06-08,13.600000381469728,
08JE005,1989-07-08,4.099999904632568,
08JE005,1989-08-08,1.590000033378601,
08JE005,1989-09-08,0.5550000071525574,
08JE005,1989-10-08,0.23100000619888303,
08JE005,1989-11-08,0.652999997138977,
08JE005,1989-12-08,1.590000033378601,B
08JE005,1980-01-09,0.9800000190734864,B
08JE005,1980-02-09,0.8199999928474426,B
08JE005,1980-03-09,0.8650000095367432,B
08JE005,1980-04-09,1.2799999713897705,B
08JE005,1980-05-09,12.0,
08JE005,1980-06-09,9.229999542236328,
08JE005,1980-07-09,5.340000152587891,
08JE005,1980-08-09,2.430000066757202,
08JE005,1980-09-09,1.5299999713897705,
08JE005,1980-10-09,1.590000033378601,
08JE005,1980-11-09,4.119999885559082,
08JE005,1980-12-09,3.650000095367432,B
08JE005,1981-01-09,3.680000066757202,B
08JE005,1981-02-09,2.5199999809265137,B
08JE005,1981-03-09,2.25,B
08JE005,1981-04-09,2.549999952316284,B
08JE005,1981-05-09,25.399999618530277,
08JE005,1981-06-09,21.5,
08JE005,1981-07-09,8.220000267028809,
08JE005,1981-08-09,3.0199999809265137,
08JE005,1981-09-09,0.9739999771118164,
08JE005,1981-10-09,0.8119999766349792,
08JE005,1981-11-09,0.9860000014305116,
08JE005,1981-12-09,2.109999895095825,B
08JE005,1982-01-09,2.0,B
08JE005,1982-02-09,1.6100000143051147,B
08JE005,1982-03-09,1.2799999713897705,B
08JE005,1982-04-09,3.400000095367432,B
08JE005,1982-05-09,28.0,E
08JE005,1982-06-09,22.799999237060547,E
08JE005,1982-07-09,9.170000076293944,
08JE005,1982-08-09,4.28000020980835,
08JE005,1982-09-09,2.7699999809265137,
08JE005,1982-10-09,1.75,
08JE005,1982-11-09,2.569999933242798,
08JE005,1982-12-09,2.309999942779541,B
08JE005,1983-01-09,2.720000028610229,B
08JE005,1983-02-09,2.4100000858306885,B
08JE005,1983-03-09,2.180000066757202,B
08JE005,1983-04-09,2.119999885559082,
08JE005,1983-05-09,26.600000381469727,
08JE005,1983-06-09,12.699999809265137,
08JE005,1983-07-09,14.5,
08JE005,1983-08-09,7.090000152587891,
08JE005,1983-09-09,2.130000114440918,
08JE005,1983-10-09,3.059999942779541,
08JE005,1983-11-09,1.840000033378601,
08JE005,1983-12-09,1.3899999856948853,B
08JE005,1984-01-09,2.900000095367432,B
08JE005,1984-02-09,2.75,B
08JE005,1984-03-09,3.299999952316284,B
08JE005,1984-04-09,3.5199999809265137,B
08JE005,1984-05-09,16.600000381469727,
08JE005,1984-06-09,28.0,
08JE005,1984-07-09,11.399999618530272,
08JE005,1984-08-09,3.5799999237060547,
08JE005,1984-09-09,2.109999895095825,
08JE005,1984-10-09,2.0899999141693115,
08JE005,1984-11-09,1.8899999856948853,B
08JE005,1984-12-09,1.7000000476837158,B
08JE005,1986-01-09,1.870000004768372,B
08JE005,1986-02-09,1.4900000095367432,B
08JE005,1986-03-09,1.5800000429153442,B
08JE005,1986-04-09,2.799999952316284,B
08JE005,1986-05-09,13.300000190734863,E
08JE005,1986-06-09,29.700000762939453,E
08JE005,1986-07-09,13.199999809265137,E
08JE005,1986-08-09,2.450000047683716,
08JE005,1986-09-09,0.6299999952316284,
08JE005,1986-10-09,1.1799999475479126,
08JE005,1986-11-09,1.3899999856948853,B
08JE005,1986-12-09,0.9229999780654908,B
08JE005,1989-04-09,,
08JE005,1989-05-09,38.29999923706055,
08JE005,1989-06-09,12.899999618530272,
08JE005,1989-07-09,4.090000152587891,
08JE005,1989-08-09,1.5700000524520874,
08JE005,1989-09-09,0.5809999704360962,
08JE005,1989-10-09,0.2669999897480011,
08JE005,1989-11-09,0.8169999718666077,
08JE005,1989-12-09,1.6100000143051147,B
08JE005,1980-01-10,0.9769999980926514,B
08JE005,1980-02-10,0.8100000023841858,B
08JE005,1980-03-10,0.8650000095367432,B
08JE005,1980-04-10,1.3200000524520874,B
08JE005,1980-05-10,12.399999618530272,
08JE005,1980-06-10,9.0,
08JE005,1980-07-10,5.21999979019165,
08JE005,1980-08-10,2.319999933242798,
08JE005,1980-09-10,1.5,
08JE005,1980-10-10,1.590000033378601,
08JE005,1980-11-10,4.429999828338623,
08JE005,1980-12-10,3.650000095367432,B
08JE005,1981-01-10,3.650000095367432,B
08JE005,1981-02-10,2.5,B
08JE005,1981-03-10,2.2100000381469727,B
08JE005,1981-04-10,2.569999933242798,B
08JE005,1981-05-10,27.600000381469727,
08JE005,1981-06-10,21.0,
08JE005,1981-07-10,8.010000228881836,
08JE005,1981-08-10,2.869999885559082,
08JE005,1981-09-10,0.9089999794960022,
08JE005,1981-10-10,0.7960000038146973,
08JE005,1981-11-10,1.0,
08JE005,1981-12-10,2.119999885559082,B
08JE005,1982-01-10,2.039999961853028,B
08JE005,1982-02-10,1.590000033378601,B
08JE005,1982-03-10,1.3200000524520874,B
08JE005,1982-04-10,3.4800000190734863,B
08JE005,1982-05-10,31.0,E
08JE005,1982-06-10,22.200000762939453,E
08JE005,1982-07-10,8.600000381469727,
08JE005,1982-08-10,4.400000095367432,
08JE005,1982-09-10,2.700000047683716,
08JE005,1982-10-10,1.7300000190734863,
08JE005,1982-11-10,2.5799999237060547,
08JE005,1982-12-10,2.259999990463257,B
08JE005,1983-01-10,2.7300000190734863,B
08JE005,1983-02-10,2.450000047683716,B
08JE005,1983-03-10,2.2300000190734863,B
08JE005,1983-04-10,2.180000066757202,
08JE005,1983-05-10,26.200000762939453,
08JE005,1983-06-10,12.300000190734863,
08JE005,1983-07-10,14.399999618530272,
08JE005,1983-08-10,6.840000152587891,
08JE005,1983-09-10,2.119999885559082,
08JE005,1983-10-10,3.200000047683716,
08JE005,1983-11-10,1.909999966621399,
08JE005,1983-12-10,1.3799999952316284,B
08JE005,1984-01-10,3.400000095367432,B
08JE005,1984-02-10,2.700000047683716,B
08JE005,1984-03-10,3.150000095367432,B
08JE005,1984-04-10,3.5799999237060547,B
08JE005,1984-05-10,17.700000762939453,
08JE005,1984-06-10,27.200000762939453,
08JE005,1984-07-10,10.899999618530272,
08JE005,1984-08-10,3.4100000858306885,
08JE005,1984-09-10,2.150000095367432,
08JE005,1984-10-10,2.150000095367432,
08JE005,1984-11-10,1.8799999952316284,B
08JE005,1984-12-10,1.6799999475479126,B
08JE005,1986-01-10,1.8799999952316284,B
08JE005,1986-02-10,1.4299999475479126,B
08JE005,1986-03-10,1.5800000429153442,B
08JE005,1986-04-10,2.8499999046325684,B
08JE005,1986-05-10,14.399999618530272,E
08JE005,1986-06-10,28.600000381469727,E
08JE005,1986-07-10,12.699999809265137,E
08JE005,1986-08-10,2.259999990463257,
08JE005,1986-09-10,0.7020000219345093,
08JE005,1986-10-10,1.2000000476837158,
08JE005,1986-11-10,1.3700000047683716,B
08JE005,1986-12-10,0.921999990940094,B
08JE005,1989-04-10,1.870000004768372,A
08JE005,1989-05-10,39.0,
08JE005,1989-06-10,12.300000190734863,
08JE005,1989-07-10,4.190000057220459,
08JE005,1989-08-10,1.5,
08JE005,1989-09-10,0.5299999713897705,
08JE005,1989-10-10,0.23000000417232516,
08JE005,1989-11-10,0.9679999947547911,
08JE005,1989-12-10,1.6399999856948853,B
08JE005,1980-01-11,0.959999978542328,B
08JE005,1980-02-11,0.800000011920929,B
08JE005,1980-03-11,0.8650000095367432,B
08JE005,1980-04-11,1.350000023841858,B
08JE005,1980-05-11,12.699999809265137,
08JE005,1980-06-11,8.819999694824219,
08JE005,1980-07-11,5.079999923706055,
08JE005,1980-08-11,2.240000009536743,
08JE005,1980-09-11,1.5399999618530271,
08JE005,1980-10-11,1.5700000524520874,
08JE005,1980-11-11,4.550000190734863,
08JE005,1980-12-11,3.5999999046325684,B
08JE005,1981-01-11,3.5999999046325684,B
08JE005,1981-02-11,2.5,B
08JE005,1981-03-11,2.180000066757202,B
08JE005,1981-04-11,2.630000114440918,B
08JE005,1981-05-11,28.5,
08JE005,1981-06-11,20.700000762939453,
08JE005,1981-07-11,7.590000152587891,
08JE005,1981-08-11,2.75,
08JE005,1981-09-11,0.8090000152587891,
08JE005,1981-10-11,0.8009999990463257,
08JE005,1981-11-11,1.1100000143051147,
08JE005,1981-12-11,2.119999885559082,B
08JE005,1982-01-11,2.0999999046325684,B
08JE005,1982-02-11,1.5700000524520874,B
08JE005,1982-03-11,1.350000023841858,B
08JE005,1982-04-11,3.5299999713897705,B
08JE005,1982-05-11,33.0,E
08JE005,1982-06-11,21.600000381469727,E
08JE005,1982-07-11,8.220000267028809,
08JE005,1982-08-11,4.25,
08JE005,1982-09-11,2.759999990463257,
08JE005,1982-10-11,1.7699999809265137,
08JE005,1982-11-11,2.509999990463257,
08JE005,1982-12-11,2.2100000381469727,B
08JE005,1983-01-11,2.7300000190734863,B
08JE005,1983-02-11,2.490000009536743,B
08JE005,1983-03-11,2.299999952316284,B
08JE005,1983-04-11,2.2300000190734863,
08JE005,1983-05-11,26.799999237060547,
08JE005,1983-06-11,11.899999618530272,
08JE005,1983-07-11,14.600000381469728,
08JE005,1983-08-11,6.420000076293945,
08JE005,1983-09-11,1.9700000286102293,
08JE005,1983-10-11,3.190000057220459,
08JE005,1983-11-11,1.7899999618530271,
08JE005,1983-12-11,1.3700000047683716,B
08JE005,1984-01-11,3.319999933242798,B
08JE005,1984-02-11,2.650000095367432,B
08JE005,1984-03-11,3.0,B
08JE005,1984-04-11,3.690000057220459,A
08JE005,1984-05-11,18.899999618530277,
08JE005,1984-06-11,26.5,
08JE005,1984-07-11,10.399999618530272,
08JE005,1984-08-11,3.3299999237060547,
08JE005,1984-09-11,2.220000028610229,
08JE005,1984-10-11,2.200000047683716,
08JE005,1984-11-11,1.870000004768372,B
08JE005,1984-12-11,1.6699999570846558,B
08JE005,1986-01-11,1.8899999856948853,B
08JE005,1986-02-11,1.399999976158142,B
08JE005,1986-03-11,1.5800000429153442,B
08JE005,1986-04-11,2.900000095367432,B
08JE005,1986-05-11,14.899999618530272,E
08JE005,1986-06-11,28.600000381469727,E
08JE005,1986-07-11,12.199999809265137,E
08JE005,1986-08-11,2.039999961853028,
08JE005,1986-09-11,0.7279999852180481,
08JE005,1986-10-11,1.159999966621399,
08JE005,1986-11-11,1.350000023841858,B
08JE005,1986-12-11,0.9210000038146972,B
08JE005,1989-04-11,1.8799999952316284,
08JE005,1989-05-11,39.09999847412109,
08JE005,1989-06-11,11.600000381469728,
08JE005,1989-07-11,4.03000020980835,
08JE005,1989-08-11,1.440000057220459,
08JE005,1989-09-11,0.4749999940395355,
08JE005,1989-10-11,0.2370000034570694,
08JE005,1989-11-11,1.100000023841858,B
08JE005,1989-12-11,1.6399999856948853,B
08JE005,1980-01-12,0.9449999928474426,B
08JE005,1980-02-12,0.7950000166893005,B
08JE005,1980-03-12,0.8650000095367432,B
08JE005,1980-04-12,1.3899999856948853,B
08JE005,1980-05-12,12.899999618530272,
08JE005,1980-06-12,8.520000457763672,
08JE005,1980-07-12,4.980000019073486,
08JE005,1980-08-12,2.119999885559082,
08JE005,1980-09-12,1.5299999713897705,
08JE005,1980-10-12,1.5299999713897705,
08JE005,1980-11-12,4.730000019073486,
08JE005,1980-12-12,3.549999952316284,B
08JE005,1981-01-12,3.569999933242798,B
08JE005,1981-02-12,2.5,B
08JE005,1981-03-12,2.130000114440918,B
08JE005,1981-04-12,2.680000066757202,B
08JE005,1981-05-12,28.600000381469727,
08JE005,1981-06-12,20.600000381469727,
08JE005,1981-07-12,7.289999961853027,
08JE005,1981-08-12,2.5299999713897705,
08JE005,1981-09-12,0.7139999866485596,
08JE005,1981-10-12,0.7799999713897705,
08JE005,1981-11-12,1.090000033378601,
08JE005,1981-12-12,2.119999885559082,B
08JE005,1982-01-12,2.150000095367432,B
08JE005,1982-02-12,1.5499999523162842,B
08JE005,1982-03-12,1.3799999952316284,B
08JE005,1982-04-12,3.630000114440918,B
08JE005,1982-05-12,35.70000076293945,E
08JE005,1982-06-12,20.899999618530277,E
08JE005,1982-07-12,7.820000171661377,
08JE005,1982-08-12,4.079999923706055,
08JE005,1982-09-12,2.809999942779541,
08JE005,1982-10-12,1.7200000286102295,
08JE005,1982-11-12,2.4200000762939453,
08JE005,1982-12-12,2.1600000858306885,B
08JE005,1983-01-12,2.7300000190734863,B
08JE005,1983-02-12,2.5199999809265137,B
08JE005,1983-03-12,2.299999952316284,B
08JE005,1983-04-12,2.299999952316284,
08JE005,1983-05-12,26.700000762939453,
08JE005,1983-06-12,11.800000190734863,
08JE005,1983-07-12,14.300000190734863,
08JE005,1983-08-12,6.059999942779541,
08JE005,1983-09-12,1.919999957084656,
08JE005,1983-10-12,3.180000066757202,
08JE005,1983-11-12,1.840000033378601,
08JE005,1983-12-12,1.3600000143051147,B
08JE005,1984-01-12,3.2100000381469727,B
08JE005,1984-02-12,2.5999999046325684,B
08JE005,1984-03-12,2.900000095367432,B
08JE005,1984-04-12,3.7799999713897705,
08JE005,1984-05-12,19.399999618530277,
08JE005,1984-06-12,25.299999237060547,
08JE005,1984-07-12,9.9399995803833,
08JE005,1984-08-12,3.2300000190734863,
08JE005,1984-09-12,2.130000114440918,
08JE005,1984-10-12,2.319999933242798,
08JE005,1984-11-12,1.8600000143051147,B
08JE005,1984-12-12,1.659999966621399,B
08JE005,1986-01-12,1.8899999856948853,B
08JE005,1986-02-12,1.3700000047683716,B
08JE005,1986-03-12,1.5800000429153442,B
08JE005,1986-04-12,2.9800000190734863,B
08JE005,1986-05-12,15.199999809265137,E
08JE005,1986-06-12,27.899999618530277,E
08JE005,1986-07-12,11.600000381469728,E
08JE005,1986-08-12,1.9299999475479128,
08JE005,1986-09-12,0.7409999966621399,
08JE005,1986-10-12,1.0800000429153442,
08JE005,1986-11-12,1.3200000524520874,B
08JE005,1986-12-12,0.9319999814033508,B
08JE005,1989-04-12,1.899999976158142,
08JE005,1989-05-12,38.70000076293945,
08JE005,1989-06-12,10.699999809265137,
08JE005,1989-07-12,3.930000066757202,
08JE005,1989-08-12,1.4199999570846558,
08JE005,1989-09-12,0.4740000069141388,
08JE005,1989-10-12,0.2160000056028366,
08JE005,1989-11-12,1.2200000286102295,B
08JE005,1989-12-12,1.6100000143051147,B
08JE005,1980-01-13,0.9350000023841858,B
08JE005,1980-02-13,0.7900000214576721,B
08JE005,1980-03-13,0.8650000095367432,B
08JE005,1980-04-13,1.4199999570846558,B
08JE005,1980-05-13,13.100000381469728,
08JE005,1980-06-13,8.270000457763672,
08JE005,1980-07-13,4.800000190734863,
08JE005,1980-08-13,1.9700000286102293,
08JE005,1980-09-13,1.4800000190734863,
08JE005,1980-10-13,1.5299999713897705,
08JE005,1980-11-13,4.860000133514404,
08JE005,1980-12-13,3.5199999809265137,B
08JE005,1981-01-13,3.5,B
08JE005,1981-02-13,2.5,B
08JE005,1981-03-13,2.0999999046325684,B
08JE005,1981-04-13,2.75,B
08JE005,1981-05-13,28.899999618530277,
08JE005,1981-06-13,20.5,
08JE005,1981-07-13,7.070000171661377,
08JE005,1981-08-13,2.400000095367432,
08JE005,1981-09-13,0.6320000290870667,
08JE005,1981-10-13,0.7680000066757202,
08JE005,1981-11-13,1.059999942779541,
08JE005,1981-12-13,2.109999895095825,B
08JE005,1982-01-13,2.180000066757202,B
08JE005,1982-02-13,1.5299999713897705,B
08JE005,1982-03-13,1.409999966621399,B
08JE005,1982-04-13,3.7300000190734863,B
08JE005,1982-05-13,37.20000076293945,E
08JE005,1982-06-13,20.200000762939453,E
08JE005,1982-07-13,7.489999771118164,
08JE005,1982-08-13,3.9700000286102295,
08JE005,1982-09-13,2.7799999713897705,
08JE005,1982-10-13,1.7699999809265137,
08JE005,1982-11-13,2.289999961853028,
08JE005,1982-12-13,2.150000095367432,B
08JE005,1983-01-13,2.759999990463257,B
08JE005,1983-02-13,2.539999961853028,B
08JE005,1983-03-13,2.289999961853028,B
08JE005,1983-04-13,2.380000114440918,
08JE005,1983-05-13,26.200000762939453,
08JE005,1983-06-13,11.399999618530272,
08JE005,1983-07-13,14.100000381469728,
08JE005,1983-08-13,5.809999942779541,
08JE005,1983-09-13,2.049999952316284,
08JE005,1983-10-13,3.2300000190734863,
08JE005,1983-11-13,1.840000033378601,
08JE005,1983-12-13,1.350000023841858,B
08JE005,1984-01-13,3.150000095367432,B
08JE005,1984-02-13,2.5799999237060547,B
08JE005,1984-03-13,2.799999952316284,B
08JE005,1984-04-13,3.9800000190734863,
08JE005,1984-05-13,19.899999618530277,
08JE005,1984-06-13,24.299999237060547,
08JE005,1984-07-13,9.4399995803833,
08JE005,1984-08-13,2.970000028610229,
08JE005,1984-09-13,2.119999885559082,
08JE005,1984-10-13,2.380000114440918,
08JE005,1984-11-13,1.8600000143051147,B
08JE005,1984-12-13,1.649999976158142,B
08JE005,1986-01-13,1.870000004768372,B
08JE005,1986-02-13,1.350000023841858,B
08JE005,1986-03-13,1.590000033378601,B
08JE005,1986-04-13,3.0,B
08JE005,1986-05-13,15.399999618530272,E
08JE005,1986-06-13,26.200000762939453,E
08JE005,1986-07-13,11.0,E
08JE005,1986-08-13,1.9299999475479128,
08JE005,1986-09-13,0.6800000071525574,
08JE005,1986-10-13,1.0299999713897705,
08JE005,1986-11-13,1.2699999809265137,B
08JE005,1986-12-13,0.9449999928474426,B
08JE005,1989-04-13,1.9600000381469729,
08JE005,1989-05-13,38.5,
08JE005,1989-06-13,10.100000381469728,
08JE005,1989-07-13,3.849999904632568,
08JE005,1989-08-13,1.3700000047683716,
08JE005,1989-09-13,0.4230000078678131,
08JE005,1989-10-13,0.2290000021457672,
08JE005,1989-11-13,1.3600000143051147,B
08JE005,1989-12-13,1.590000033378601,B
08JE005,1980-01-14,0.9300000071525574,B
08JE005,1980-02-14,0.7950000166893005,B
08JE005,1980-03-14,0.8600000143051147,B
08JE005,1980-04-14,1.4800000190734863,B
08JE005,1980-05-14,13.5,
08JE005,1980-06-14,7.980000019073486,
08JE005,1980-07-14,4.739999771118164,
08JE005,1980-08-14,1.8799999952316284,
08JE005,1980-09-14,1.4500000476837158,
08JE005,1980-10-14,1.5700000524520874,
08JE005,1980-11-14,5.019999980926514,
08JE005,1980-12-14,3.5199999809265137,B
08JE005,1981-01-14,3.4200000762939453,B
08JE005,1981-02-14,2.5,B
08JE005,1981-03-14,2.0799999237060547,B
08JE005,1981-04-14,2.8499999046325684,B
08JE005,1981-05-14,29.200000762939453,
08JE005,1981-06-14,20.600000381469727,
08JE005,1981-07-14,7.070000171661377,
08JE005,1981-08-14,2.240000009536743,
08JE005,1981-09-14,0.6169999837875366,
08JE005,1981-10-14,0.7649999856948853,
08JE005,1981-11-14,1.0700000524520874,
08JE005,1981-12-14,2.0999999046325684,B
08JE005,1982-01-14,2.1700000762939453,B
08JE005,1982-02-14,1.5199999809265137,B
08JE005,1982-03-14,1.4700000286102295,B
08JE005,1982-04-14,3.799999952316284,B
08JE005,1982-05-14,37.79999923706055,E
08JE005,1982-06-14,19.799999237060547,E
08JE005,1982-07-14,8.25,
08JE005,1982-08-14,3.950000047683716,
08JE005,1982-09-14,2.75,
08JE005,1982-10-14,1.7699999809265137,
08JE005,1982-11-14,2.2699999809265137,
08JE005,1982-12-14,2.1600000858306885,B
08JE005,1983-01-14,2.890000104904175,B
08JE005,1983-02-14,2.5299999713897705,B
08JE005,1983-03-14,2.2799999713897705,B
08JE005,1983-04-14,2.619999885559082,
08JE005,1983-05-14,25.700000762939453,
08JE005,1983-06-14,11.0,
08JE005,1983-07-14,14.399999618530272,
08JE005,1983-08-14,5.480000019073486,
08JE005,1983-09-14,2.0199999809265137,
08JE005,1983-10-14,3.259999990463257,
08JE005,1983-11-14,1.840000033378601,
08JE005,1983-12-14,1.340000033378601,B
08JE005,1984-01-14,3.0899999141693115,B
08JE005,1984-02-14,2.539999961853028,B
08JE005,1984-03-14,2.7799999713897705,B
08JE005,1984-04-14,4.309999942779541,
08JE005,1984-05-14,23.299999237060547,
08JE005,1984-06-14,22.899999618530277,
08JE005,1984-07-14,9.020000457763672,
08JE005,1984-08-14,2.880000114440918,
08JE005,1984-09-14,2.130000114440918,
08JE005,1984-10-14,2.369999885559082,
08JE005,1984-11-14,1.870000004768372,B
08JE005,1984-12-14,1.649999976158142,B
08JE005,1986-01-14,1.8600000143051147,B
08JE005,1986-02-14,1.3300000429153442,B
08JE005,1986-03-14,1.600000023841858,B
08JE005,1986-04-14,3.0,
08JE005,1986-05-14,15.5,E
08JE005,1986-06-14,24.299999237060547,E
08JE005,1986-07-14,10.300000190734863,E
08JE005,1986-08-14,1.9900000095367432,
08JE005,1986-09-14,0.6140000224113464,
08JE005,1986-10-14,1.059999942779541,
08JE005,1986-11-14,1.2100000381469729,B
08JE005,1986-12-14,0.9679999947547911,B
08JE005,1989-04-14,2.049999952316284,
08JE005,1989-05-14,38.20000076293945,
08JE005,1989-06-14,9.699999809265137,
08JE005,1989-07-14,3.759999990463257,
08JE005,1989-08-14,1.309999942779541,
08JE005,1989-09-14,0.3720000088214874,
08JE005,1989-10-14,0.22699999809265137,
08JE005,1989-11-14,1.5,B
08JE005,1989-12-14,1.5700000524520874,B
08JE005,1980-01-15,0.9049999713897704,B
08JE005,1980-02-15,0.7950000166893005,B
08JE005,1980-03-15,0.8600000143051147,B
08JE005,1980-04-15,1.5299999713897705,B
08JE005,1980-05-15,13.600000381469728,
08JE005,1980-06-15,7.739999771118164,
08JE005,1980-07-15,4.53000020980835,
08JE005,1980-08-15,1.7699999809265137,
08JE005,1980-09-15,1.409999966621399,
08JE005,1980-10-15,1.5700000524520874,
08JE005,1980-11-15,5.090000152587891,
08JE005,1980-12-15,3.549999952316284,B
08JE005,1981-01-15,3.299999952316284,B
08JE005,1981-02-15,2.5199999809265137,B
08JE005,1981-03-15,2.059999942779541,B
08JE005,1981-04-15,2.9800000190734863,B
08JE005,1981-05-15,30.299999237060547,
08JE005,1981-06-15,20.299999237060547,
08JE005,1981-07-15,7.090000152587891,
08JE005,1981-08-15,2.039999961853028,
08JE005,1981-09-15,0.6389999985694885,
08JE005,1981-10-15,0.7620000243186951,
08JE005,1981-11-15,1.100000023841858,
08JE005,1981-12-15,2.059999942779541,B
08JE005,1982-01-15,2.0999999046325684,B
08JE005,1982-02-15,1.5299999713897705,B
08JE005,1982-03-15,1.5,B
08JE005,1982-04-15,3.950000047683716,B
08JE005,1982-05-15,37.79999923706055,E
08JE005,1982-06-15,19.200000762939453,E
08JE005,1982-07-15,8.770000457763672,
08JE005,1982-08-15,3.849999904632568,
08JE005,1982-09-15,2.7100000381469727,
08JE005,1982-10-15,1.7599999904632568,
08JE005,1982-11-15,2.240000009536743,
08JE005,1982-12-15,2.190000057220459,B
08JE005,1983-01-15,2.970000028610229,B
08JE005,1983-02-15,2.5,B
08JE005,1983-03-15,2.25,B
08JE005,1983-04-15,2.869999885559082,
08JE005,1983-05-15,25.100000381469727,
08JE005,1983-06-15,10.699999809265137,
08JE005,1983-07-15,14.5,
08JE005,1983-08-15,5.210000038146973,
08JE005,1983-09-15,2.0299999713897705,
08JE005,1983-10-15,3.240000009536743,
08JE005,1983-11-15,1.7200000286102295,
08JE005,1983-12-15,1.3300000429153442,B
08JE005,1984-01-15,3.039999961853028,B
08JE005,1984-02-15,2.509999990463257,B
08JE005,1984-03-15,2.740000009536743,B
08JE005,1984-04-15,4.730000019073486,
08JE005,1984-05-15,29.799999237060547,
08JE005,1984-06-15,22.0,
08JE005,1984-07-15,8.680000305175781,
08JE005,1984-08-15,3.0199999809265137,
08JE005,1984-09-15,2.069999933242798,
08JE005,1984-10-15,2.369999885559082,
08JE005,1984-11-15,1.8799999952316284,B
08JE005,1984-12-15,1.6399999856948853,B
08JE005,1986-01-15,1.840000033378601,B
08JE005,1986-02-15,1.3200000524520874,B
08JE005,1986-03-15,1.6100000143051147,B
08JE005,1986-04-15,3.0799999237060547,
08JE005,1986-05-15,15.699999809265137,E
08JE005,1986-06-15,24.100000381469727,E
08JE005,1986-07-15,9.699999809265137,E
08JE005,1986-08-15,1.919999957084656,
08JE005,1986-09-15,0.5389999747276306,
08JE005,1986-10-15,1.100000023841858,
08JE005,1986-11-15,1.1699999570846558,B
08JE005,1986-12-15,0.977999985218048,B
08JE005,1989-04-15,2.119999885559082,
08JE005,1989-05-15,37.59999847412109,
08JE005,1989-06-15,8.979999542236328,
08JE005,1989-07-15,3.670000076293945,
08JE005,1989-08-15,1.2699999809265137,
08JE005,1989-09-15,0.34299999475479126,
08JE005,1989-10-15,0.20000000298023224,
08JE005,1989-11-15,1.6799999475479126,B
08JE005,1989-12-15,1.5499999523162842,B
08JE005,1980-01-16,0.8949999809265137,B
08JE005,1980-02-16,0.800000011920929,B
08JE005,1980-03-16,0.8600000143051147,B
08JE005,1980-04-16,1.600000023841858,B
08JE005,1980-05-16,13.600000381469728,
08JE005,1980-06-16,7.579999923706055,
08JE005,1980-07-16,4.349999904632568,
08JE005,1980-08-16,1.6699999570846558,
08JE005,1980-09-16,1.3600000143051147,
08JE005,1980-10-16,1.559999942779541,
08JE005,1980-11-16,5.099999904632568,
08JE005,1980-12-16,3.5999999046325684,B
08JE005,1981-01-16,3.200000047683716,B
08JE005,1981-02-16,2.569999933242798,B
08JE005,1981-03-16,2.0299999713897705,B
08JE005,1981-04-16,3.0999999046325684,B
08JE005,1981-05-16,31.299999237060547,
08JE005,1981-06-16,19.700000762939453,
08JE005,1981-07-16,6.809999942779541,
08JE005,1981-08-16,1.940000057220459,
08JE005,1981-09-16,0.6420000195503235,
08JE005,1981-10-16,0.7720000147819519,
08JE005,1981-11-16,1.149999976158142,
08JE005,1981-12-16,2.039999961853028,B
08JE005,1982-01-16,1.9900000095367432,B
08JE005,1982-02-16,1.5700000524520874,B
08JE005,1982-03-16,1.5399999618530271,B
08JE005,1982-04-16,4.050000190734863,B
08JE005,1982-05-16,37.5,E
08JE005,1982-06-16,18.700000762939453,E
08JE005,1982-07-16,8.859999656677246,
08JE005,1982-08-16,3.839999914169312,
08JE005,1982-09-16,2.75,
08JE005,1982-10-16,1.7899999618530271,
08JE005,1982-11-16,2.2799999713897705,B
08JE005,1982-12-16,2.2699999809265137,B
08JE005,1983-01-16,2.9800000190734863,B
08JE005,1983-02-16,2.490000009536743,B
08JE005,1983-03-16,2.220000028610229,B
08JE005,1983-04-16,3.220000028610229,
08JE005,1983-05-16,24.600000381469727,
08JE005,1983-06-16,10.0,
08JE005,1983-07-16,14.199999809265137,
08JE005,1983-08-16,5.159999847412109,
08JE005,1983-09-16,2.049999952316284,
08JE005,1983-10-16,3.240000009536743,
08JE005,1983-11-16,1.7100000381469729,
08JE005,1983-12-16,1.3200000524520874,B
08JE005,1984-01-16,3.0,B
08JE005,1984-02-16,2.5199999809265137,B
08JE005,1984-03-16,2.720000028610229,B
08JE005,1984-04-16,5.429999828338623,
08JE005,1984-05-16,34.79999923706055,
08JE005,1984-06-16,21.299999237060547,
08JE005,1984-07-16,8.390000343322754,
08JE005,1984-08-16,2.9200000762939453,
08JE005,1984-09-16,2.0899999141693115,
08JE005,1984-10-16,2.3399999141693115,
08JE005,1984-11-16,1.899999976158142,B
08JE005,1984-12-16,1.6299999952316284,B
08JE005,1986-01-16,1.809999942779541,B
08JE005,1986-02-16,1.309999942779541,B
08JE005,1986-03-16,1.6200000047683716,B
08JE005,1986-04-16,3.109999895095825,
08JE005,1986-05-16,15.800000190734863,E
08JE005,1986-06-16,22.799999237060547,E
08JE005,1986-07-16,9.619999885559082,E
08JE005,1986-08-16,1.8200000524520876,
08JE005,1986-09-16,0.5139999985694885,
08JE005,1986-10-16,1.0800000429153442,
08JE005,1986-11-16,1.149999976158142,B
08JE005,1986-12-16,0.9900000095367432,B
08JE005,1989-04-16,2.289999961853028,
08JE005,1989-05-16,36.0,
08JE005,1989-06-16,8.539999961853027,
08JE005,1989-07-16,3.5199999809265137,
08JE005,1989-08-16,1.309999942779541,
08JE005,1989-09-16,0.32100000977516174,
08JE005,1989-10-16,0.20399999618530276,
08JE005,1989-11-16,1.7300000190734863,B
08JE005,1989-12-16,1.5299999713897705,B
08JE005,1980-01-17,0.875,B
08JE005,1980-02-17,0.800000011920929,B
08JE005,1980-03-17,0.8650000095367432,B
08JE005,1980-04-17,1.7000000476837158,B
08JE005,1980-05-17,13.699999809265137,
08JE005,1980-06-17,7.210000038146973,
08JE005,1980-07-17,4.260000228881836,
08JE005,1980-08-17,1.7000000476837158,
08JE005,1980-09-17,1.3899999856948853,
08JE005,1980-10-17,1.5099999904632568,
08JE005,1980-11-17,5.059999942779541,
08JE005,1980-12-17,3.75,B
08JE005,1981-01-17,3.130000114440918,B
08JE005,1981-02-17,2.630000114440918,B
08JE005,1981-03-17,2.009999990463257,B
08JE005,1981-04-17,3.25,B
08JE005,1981-05-17,32.29999923706055,
08JE005,1981-06-17,19.100000381469727,
08JE005,1981-07-17,6.619999885559082,
08JE005,1981-08-17,1.7999999523162842,
08JE005,1981-09-17,0.625,
08JE005,1981-10-17,0.7480000257492065,
08JE005,1981-11-17,1.1699999570846558,
08JE005,1981-12-17,2.0299999713897705,B
08JE005,1982-01-17,1.850000023841858,B
08JE005,1982-02-17,1.5700000524520874,B
08JE005,1982-03-17,1.600000023841858,B
08JE005,1982-04-17,4.25,B
08JE005,1982-05-17,36.20000076293945,E
08JE005,1982-06-17,18.100000381469727,E
08JE005,1982-07-17,8.489999771118164,
08JE005,1982-08-17,3.759999990463257,
08JE005,1982-09-17,2.7300000190734863,
08JE005,1982-10-17,1.7699999809265137,
08JE005,1982-11-17,2.3399999141693115,B
08JE005,1982-12-17,2.3499999046325684,B
08JE005,1983-01-17,2.970000028610229,B
08JE005,1983-02-17,2.470000028610229,B
08JE005,1983-03-17,2.180000066757202,B
08JE005,1983-04-17,3.690000057220459,
08JE005,1983-05-17,23.899999618530277,
08JE005,1983-06-17,9.600000381469728,
08JE005,1983-07-17,14.300000190734863,
08JE005,1983-08-17,5.010000228881836,
08JE005,1983-09-17,2.0299999713897705,
08JE005,1983-10-17,3.299999952316284,
08JE005,1983-11-17,1.6299999952316284,
08JE005,1983-12-17,1.309999942779541,B
08JE005,1984-01-17,2.9600000381469727,B
08JE005,1984-02-17,2.559999942779541,B
08JE005,1984-03-17,2.720000028610229,B
08JE005,1984-04-17,5.889999866485596,
08JE005,1984-05-17,36.70000076293945,
08JE005,1984-06-17,20.700000762939453,
08JE005,1984-07-17,8.050000190734863,
08JE005,1984-08-17,2.759999990463257,
08JE005,1984-09-17,2.069999933242798,
08JE005,1984-10-17,2.359999895095825,
08JE005,1984-11-17,1.909999966621399,B
08JE005,1984-12-17,1.6200000047683716,B
08JE005,1986-01-17,1.7899999618530271,B
08JE005,1986-02-17,1.3200000524520874,B
08JE005,1986-03-17,1.659999966621399,B
08JE005,1986-04-17,3.240000009536743,
08JE005,1986-05-17,16.200000762939453,E
08JE005,1986-06-17,22.200000762939453,E
08JE005,1986-07-17,9.270000457763672,E
08JE005,1986-08-17,1.840000033378601,
08JE005,1986-09-17,0.4410000145435333,
08JE005,1986-10-17,1.0299999713897705,
08JE005,1986-11-17,1.1399999856948853,B
08JE005,1986-12-17,0.9990000128746032,B
08JE005,1989-04-17,2.440000057220459,
08JE005,1989-05-17,35.099998474121094,
08JE005,1989-06-17,8.149999618530273,
08JE005,1989-07-17,3.509999990463257,
08JE005,1989-08-17,1.2400000095367432,
08JE005,1989-09-17,0.3100000023841858,
08JE005,1989-10-17,0.24699999392032623,
08JE005,1989-11-17,1.5199999809265137,B
08JE005,1989-12-17,1.5199999809265137,B
08JE005,1980-01-18,0.8700000047683716,B
08JE005,1980-02-18,0.8050000071525574,B
08JE005,1980-03-18,0.8650000095367432,B
08JE005,1980-04-18,1.8799999952316284,B
08JE005,1980-05-18,13.399999618530272,
08JE005,1980-06-18,7.010000228881836,
08JE005,1980-07-18,4.28000020980835,
08JE005,1980-08-18,1.6100000143051147,
08JE005,1980-09-18,1.3600000143051147,
08JE005,1980-10-18,1.5199999809265137,
08JE005,1980-11-18,4.96999979019165,
08JE005,1980-12-18,3.799999952316284,B
08JE005,1981-01-18,3.0999999046325684,B
08JE005,1981-02-18,2.700000047683716,B
08JE005,1981-03-18,2.0,B
08JE005,1981-04-18,3.5,B
08JE005,1981-05-18,33.0,
08JE005,1981-06-18,19.0,
08JE005,1981-07-18,6.360000133514404,
08JE005,1981-08-18,1.7999999523162842,
08JE005,1981-09-18,0.6539999842643738,
08JE005,1981-10-18,0.7590000033378601,
08JE005,1981-11-18,1.2100000381469729,
08JE005,1981-12-18,2.039999961853028,B
08JE005,1982-01-18,1.75,B
08JE005,1982-02-18,1.5700000524520874,B
08JE005,1982-03-18,1.649999976158142,B
08JE005,1982-04-18,4.449999809265137,B
08JE005,1982-05-18,35.400001525878906,E
08JE005,1982-06-18,17.600000381469727,E
08JE005,1982-07-18,8.300000190734863,
08JE005,1982-08-18,3.619999885559082,
08JE005,1982-09-18,2.690000057220459,
08JE005,1982-10-18,1.7300000190734863,
08JE005,1982-11-18,2.440000057220459,B
08JE005,1982-12-18,2.400000095367432,B
08JE005,1983-01-18,2.9200000762939453,B
08JE005,1983-02-18,2.430000066757202,B
08JE005,1983-03-18,2.119999885559082,B
08JE005,1983-04-18,4.599999904632568,
08JE005,1983-05-18,23.299999237060547,
08JE005,1983-06-18,9.270000457763672,
08JE005,1983-07-18,14.100000381469728,
08JE005,1983-08-18,4.840000152587891,
08JE005,1983-09-18,1.9700000286102293,
08JE005,1983-10-18,3.289999961853028,
08JE005,1983-11-18,1.5299999713897705,
08JE005,1983-12-18,1.2999999523162842,B
08JE005,1984-01-18,2.9200000762939453,B
08JE005,1984-02-18,2.5899999141693115,B
08JE005,1984-03-18,2.740000009536743,B
08JE005,1984-04-18,6.090000152587891,
08JE005,1984-05-18,37.5,
08JE005,1984-06-18,20.100000381469727,
08JE005,1984-07-18,7.739999771118164,
08JE005,1984-08-18,2.5799999237060547,
08JE005,1984-09-18,2.059999942779541,
08JE005,1984-10-18,2.359999895095825,
08JE005,1984-11-18,1.9299999475479128,B
08JE005,1984-12-18,1.6100000143051147,B
08JE005,1986-01-18,1.7799999713897705,B
08JE005,1986-02-18,1.3200000524520874,B
08JE005,1986-03-18,1.690000057220459,B
08JE005,1986-04-18,3.4200000762939453,
08JE005,1986-05-18,16.399999618530273,E
08JE005,1986-06-18,21.100000381469727,E
08JE005,1986-07-18,9.09000015258789,E
08JE005,1986-08-18,1.75,
08JE005,1986-09-18,0.4309999942779541,
08JE005,1986-10-18,1.0299999713897705,
08JE005,1986-11-18,1.149999976158142,B
08JE005,1986-12-18,1.0,B
08JE005,1989-04-18,2.720000028610229,
08JE005,1989-05-18,33.900001525878906,
08JE005,1989-06-18,7.630000114440918,
08JE005,1989-07-18,3.4200000762939453,
08JE005,1989-08-18,1.1799999475479126,
08JE005,1989-09-18,0.257999986410141,
08JE005,1989-10-18,0.3140000104904175,
08JE005,1989-11-18,1.2000000476837158,B
08JE005,1989-12-18,1.5099999904632568,B
08JE005,1980-01-19,0.8700000047683716,B
08JE005,1980-02-19,0.8199999928474426,B
08JE005,1980-03-19,0.875,B
08JE005,1980-04-19,2.5999999046325684,B
08JE005,1980-05-19,13.100000381469728,
08JE005,1980-06-19,6.710000038146973,
08JE005,1980-07-19,4.320000171661377,
08JE005,1980-08-19,1.5,
08JE005,1980-09-19,1.4299999475479126,
08JE005,1980-10-19,1.5099999904632568,
08JE005,1980-11-19,4.920000076293945,
08JE005,1980-12-19,3.799999952316284,B
08JE005,1981-01-19,3.0899999141693115,B
08JE005,1981-02-19,2.720000028610229,B
08JE005,1981-03-19,1.9900000095367432,B
08JE005,1981-04-19,3.819999933242798,E
08JE005,1981-05-19,33.400001525878906,
08JE005,1981-06-19,18.399999618530277,
08JE005,1981-07-19,6.119999885559082,
08JE005,1981-08-19,1.7200000286102295,
08JE005,1981-09-19,0.640999972820282,
08JE005,1981-10-19,0.7080000042915344,
08JE005,1981-11-19,1.2799999713897705,
08JE005,1981-12-19,2.0999999046325684,B
08JE005,1982-01-19,1.690000057220459,B
08JE005,1982-02-19,1.5499999523162842,B
08JE005,1982-03-19,1.7100000381469729,B
08JE005,1982-04-19,4.800000190734863,B
08JE005,1982-05-19,35.5,E
08JE005,1982-06-19,16.899999618530273,E
08JE005,1982-07-19,8.09000015258789,
08JE005,1982-08-19,3.5999999046325684,
08JE005,1982-09-19,2.680000066757202,
08JE005,1982-10-19,1.7100000381469729,
08JE005,1982-11-19,2.490000009536743,B
08JE005,1982-12-19,2.4100000858306885,B
08JE005,1983-01-19,2.880000114440918,B
08JE005,1983-02-19,2.400000095367432,B
08JE005,1983-03-19,2.0899999141693115,B
08JE005,1983-04-19,5.659999847412109,
08JE005,1983-05-19,22.700000762939453,
08JE005,1983-06-19,8.989999771118164,
08JE005,1983-07-19,13.899999618530272,
08JE005,1983-08-19,4.590000152587891,
08JE005,1983-09-19,1.940000057220459,
08JE005,1983-10-19,3.0799999237060547,
08JE005,1983-11-19,1.5399999618530271,
08JE005,1983-12-19,1.2899999618530271,B
08JE005,1984-01-19,2.900000095367432,B
08JE005,1984-02-19,2.650000095367432,B
08JE005,1984-03-19,2.7699999809265137,B
08JE005,1984-04-19,6.489999771118164,
08JE005,1984-05-19,40.79999923706055,
08JE005,1984-06-19,19.200000762939453,
08JE005,1984-07-19,7.349999904632568,
08JE005,1984-08-19,2.400000095367432,
08JE005,1984-09-19,2.069999933242798,
08JE005,1984-10-19,2.289999961853028,
08JE005,1984-11-19,1.950000047683716,B
08JE005,1984-12-19,1.600000023841858,B
08JE005,1986-01-19,1.7699999809265137,B
08JE005,1986-02-19,1.3300000429153442,B
08JE005,1986-03-19,1.7200000286102295,B
08JE005,1986-04-19,4.46999979019165,
08JE005,1986-05-19,17.299999237060547,E
08JE005,1986-06-19,21.5,E
08JE005,1986-07-19,8.579999923706055,
08JE005,1986-08-19,1.649999976158142,
08JE005,1986-09-19,0.3790000081062317,
08JE005,1986-10-19,1.2699999809265137,
08JE005,1986-11-19,1.159999966621399,B
08JE005,1986-12-19,1.0299999713897705,B
08JE005,1989-04-19,3.25,
08JE005,1989-05-19,33.29999923706055,
08JE005,1989-06-19,7.159999847412109,
08JE005,1989-07-19,3.2799999713897705,
08JE005,1989-08-19,1.149999976158142,
08JE005,1989-09-19,0.2680000066757202,
08JE005,1989-10-19,0.2949999868869781,
08JE005,1989-11-19,1.159999966621399,B
08JE005,1989-12-19,1.5,B
08JE005,1980-01-20,0.8700000047683716,B
08JE005,1980-02-20,0.8399999737739563,B
08JE005,1980-03-20,0.8899999856948853,B
08JE005,1980-04-20,2.799999952316284,B
08JE005,1980-05-20,12.899999618530272,
08JE005,1980-06-20,6.510000228881836,
08JE005,1980-07-20,4.289999961853027,
08JE005,1980-08-20,1.4299999475479126,
08JE005,1980-09-20,1.5299999713897705,
08JE005,1980-10-20,1.559999942779541,
08JE005,1980-11-20,4.920000076293945,
08JE005,1980-12-20,3.799999952316284,B
08JE005,1981-01-20,3.0999999046325684,B
08JE005,1981-02-20,2.740000009536743,B
08JE005,1981-03-20,1.9900000095367432,B
08JE005,1981-04-20,4.300000190734863,E
08JE005,1981-05-20,33.20000076293945,
08JE005,1981-06-20,17.600000381469727,
08JE005,1981-07-20,5.679999828338623,
08JE005,1981-08-20,1.6399999856948853,
08JE005,1981-09-20,0.6110000014305115,
08JE005,1981-10-20,0.6710000038146973,
08JE005,1981-11-20,1.340000033378601,
08JE005,1981-12-20,2.2699999809265137,B
08JE005,1982-01-20,1.6699999570846558,B
08JE005,1982-02-20,1.5099999904632568,B
08JE005,1982-03-20,1.7799999713897705,B
08JE005,1982-04-20,5.099999904632568,B
08JE005,1982-05-20,36.29999923706055,A
08JE005,1982-06-20,16.299999237060547,E
08JE005,1982-07-20,8.140000343322754,
08JE005,1982-08-20,3.569999933242798,
08JE005,1982-09-20,2.5899999141693115,
08JE005,1982-10-20,1.6699999570846558,
08JE005,1982-11-20,2.5,B
08JE005,1982-12-20,2.400000095367432,B
08JE005,1983-01-20,2.869999885559082,B
08JE005,1983-02-20,2.380000114440918,B
08JE005,1983-03-20,2.039999961853028,B
08JE005,1983-04-20,6.090000152587891,
08JE005,1983-05-20,22.200000762939453,
08JE005,1983-06-20,9.010000228881836,
08JE005,1983-07-20,13.600000381469728,
08JE005,1983-08-20,4.25,
08JE005,1983-09-20,2.049999952316284,
08JE005,1983-10-20,3.0899999141693115,
08JE005,1983-11-20,1.5499999523162842,
08JE005,1983-12-20,1.2799999713897705,B
08JE005,1984-01-20,2.869999885559082,B
08JE005,1984-02-20,2.700000047683716,B
08JE005,1984-03-20,2.789999961853028,B
08JE005,1984-04-20,7.400000095367432,
08JE005,1984-05-20,43.20000076293945,
08JE005,1984-06-20,18.600000381469727,
08JE005,1984-07-20,7.03000020980835,
08JE005,1984-08-20,2.309999942779541,
08JE005,1984-09-20,2.009999990463257,
08JE005,1984-10-20,2.309999942779541,
08JE005,1984-11-20,1.9800000190734863,B
08JE005,1984-12-20,1.600000023841858,B
08JE005,1986-01-20,1.7599999904632568,B
08JE005,1986-02-20,1.3300000429153442,B
08JE005,1986-03-20,1.7599999904632568,B
08JE005,1986-04-20,5.659999847412109,
08JE005,1986-05-20,21.100000381469727,E
08JE005,1986-06-20,20.799999237060547,E
08JE005,1986-07-20,8.130000114440918,
08JE005,1986-08-20,1.5299999713897705,
08JE005,1986-09-20,0.3179999887943268,
08JE005,1986-10-20,1.2799999713897705,
08JE005,1986-11-20,1.149999976158142,B
08JE005,1986-12-20,1.0399999618530271,B
08JE005,1989-04-20,4.150000095367432,
08JE005,1989-05-20,32.099998474121094,
08JE005,1989-06-20,6.760000228881836,
08JE005,1989-07-20,3.069999933242798,
08JE005,1989-08-20,1.1100000143051147,
08JE005,1989-09-20,0.25,
08JE005,1989-10-20,0.29899999499320984,
08JE005,1989-11-20,1.1799999475479126,B
08JE005,1989-12-20,1.4900000095367432,B
08JE005,1980-01-21,0.8650000095367432,B
08JE005,1980-02-21,0.8600000143051147,B
08JE005,1980-03-21,0.8949999809265137,B
08JE005,1980-04-21,3.0999999046325684,B
08JE005,1980-05-21,12.699999809265137,
08JE005,1980-06-21,6.199999809265137,
08JE005,1980-07-21,4.070000171661377,
08JE005,1980-08-21,1.4299999475479126,
08JE005,1980-09-21,1.5199999809265137,
08JE005,1980-10-21,1.4700000286102295,
08JE005,1980-11-21,4.760000228881836,
08JE005,1980-12-21,3.7899999618530273,B
08JE005,1981-01-21,3.109999895095825,B
08JE005,1981-02-21,2.720000028610229,B
08JE005,1981-03-21,1.9800000190734863,B
08JE005,1981-04-21,4.900000095367432,E
08JE005,1981-05-21,32.599998474121094,
08JE005,1981-06-21,17.299999237060547,
08JE005,1981-07-21,5.5,
08JE005,1981-08-21,1.559999942779541,
08JE005,1981-09-21,0.6269999742507935,
08JE005,1981-10-21,0.6650000214576721,
08JE005,1981-11-21,1.440000057220459,
08JE005,1981-12-21,2.319999933242798,B
08JE005,1982-01-21,1.6799999475479126,B
08JE005,1982-02-21,1.4500000476837158,B
08JE005,1982-03-21,1.840000033378601,B
08JE005,1982-04-21,5.5,B
08JE005,1982-05-21,35.79999923706055,E
08JE005,1982-06-21,15.800000190734863,E
08JE005,1982-07-21,7.960000038146973,
08JE005,1982-08-21,3.5,
08JE005,1982-09-21,2.569999933242798,
08JE005,1982-10-21,1.659999966621399,
08JE005,1982-11-21,2.4800000190734863,B
08JE005,1982-12-21,2.390000104904175,B
08JE005,1983-01-21,2.8399999141693115,B
08JE005,1983-02-21,2.359999895095825,B
08JE005,1983-03-21,2.0,B
08JE005,1983-04-21,7.769999980926514,
08JE005,1983-05-21,21.600000381469727,
08JE005,1983-06-21,8.880000114440918,
08JE005,1983-07-21,13.600000381469728,
08JE005,1983-08-21,4.059999942779541,
08JE005,1983-09-21,2.119999885559082,
08JE005,1983-10-21,3.0199999809265137,
08JE005,1983-11-21,1.6299999952316284,
08JE005,1983-12-21,1.2699999809265137,B
08JE005,1984-01-21,2.8499999046325684,B
08JE005,1984-02-21,2.609999895095825,B
08JE005,1984-03-21,2.819999933242798,B
08JE005,1984-04-21,8.260000228881836,
08JE005,1984-05-21,44.59999847412109,
08JE005,1984-06-21,18.0,
08JE005,1984-07-21,6.829999923706055,
08JE005,1984-08-21,2.299999952316284,
08JE005,1984-09-21,1.9800000190734863,
08JE005,1984-10-21,2.2699999809265137,
08JE005,1984-11-21,1.9900000095367432,B
08JE005,1984-12-21,1.590000033378601,B
08JE005,1986-01-21,1.7599999904632568,B
08JE005,1986-02-21,1.3300000429153442,B
08JE005,1986-03-21,1.830000042915344,B
08JE005,1986-04-21,6.079999923706055,
08JE005,1986-05-21,26.0,E
08JE005,1986-06-21,20.200000762939453,E
08JE005,1986-07-21,7.769999980926514,
08JE005,1986-08-21,1.4700000286102295,
08JE005,1986-09-21,0.3529999852180481,
08JE005,1986-10-21,1.2599999904632568,
08JE005,1986-11-21,1.1299999952316284,B
08JE005,1986-12-21,1.0499999523162842,B
08JE005,1989-04-21,5.340000152587891,
08JE005,1989-05-21,31.700000762939453,
08JE005,1989-06-21,6.460000038146973,
08JE005,1989-07-21,2.9600000381469727,
08JE005,1989-08-21,1.1399999856948853,
08JE005,1989-09-21,0.24899999797344208,
08JE005,1989-10-21,0.29600000381469727,
08JE005,1989-11-21,1.2799999713897705,B
08JE005,1989-12-21,1.4800000190734863,B
08JE005,1980-01-22,0.8700000047683716,B
08JE005,1980-02-22,0.9100000262260436,B
08JE005,1980-03-22,0.8999999761581421,B
08JE005,1980-04-22,3.400000095367432,B
08JE005,1980-05-22,12.300000190734863,
08JE005,1980-06-22,5.829999923706055,
08JE005,1980-07-22,3.940000057220459,
08JE005,1980-08-22,1.350000023841858,
08JE005,1980-09-22,1.5800000429153442,
08JE005,1980-10-22,1.3899999856948853,
08JE005,1980-11-22,4.650000095367432,
08JE005,1980-12-22,3.7799999713897705,B
08JE005,1981-01-22,3.140000104904175,B
08JE005,1981-02-22,2.700000047683716,B
08JE005,1981-03-22,1.9700000286102293,B
08JE005,1981-04-22,5.400000095367432,E
08JE005,1981-05-22,32.099998474121094,
08JE005,1981-06-22,16.5,
08JE005,1981-07-22,5.579999923706055,
08JE005,1981-08-22,1.4900000095367432,
08JE005,1981-09-22,0.6669999957084656,
08JE005,1981-10-22,0.6759999990463257,
08JE005,1981-11-22,1.4600000381469729,
08JE005,1981-12-22,2.309999942779541,B
08JE005,1982-01-22,1.7200000286102295,B
08JE005,1982-02-22,1.3799999952316284,B
08JE005,1982-03-22,1.919999957084656,B
08JE005,1982-04-22,6.0,E
08JE005,1982-05-22,35.599998474121094,E
08JE005,1982-06-22,15.399999618530272,E
08JE005,1982-07-22,7.889999866485596,
08JE005,1982-08-22,3.369999885559082,
08JE005,1982-09-22,2.509999990463257,
08JE005,1982-10-22,1.7699999809265137,
08JE005,1982-11-22,2.400000095367432,B
08JE005,1982-12-22,2.3499999046325684,B
08JE005,1983-01-22,2.8299999237060547,B
08JE005,1983-02-22,2.3499999046325684,B
08JE005,1983-03-22,1.9600000381469729,B
08JE005,1983-04-22,8.859999656677246,
08JE005,1983-05-22,21.399999618530277,
08JE005,1983-06-22,8.8100004196167,
08JE005,1983-07-22,13.600000381469728,
08JE005,1983-08-22,3.950000047683716,
08JE005,1983-09-22,2.130000114440918,
08JE005,1983-10-22,2.970000028610229,
08JE005,1983-11-22,1.6200000047683716,
08JE005,1983-12-22,1.2599999904632568,B
08JE005,1984-01-22,2.819999933242798,B
08JE005,1984-02-22,2.539999961853028,B
08JE005,1984-03-22,2.859999895095825,B
08JE005,1984-04-22,8.970000267028809,
08JE005,1984-05-22,45.79999923706055,
08JE005,1984-06-22,17.399999618530273,
08JE005,1984-07-22,6.71999979019165,
08JE005,1984-08-22,2.2699999809265137,
08JE005,1984-09-22,1.9600000381469729,
08JE005,1984-10-22,2.259999990463257,
08JE005,1984-11-22,2.0,B
08JE005,1984-12-22,1.5700000524520874,B
08JE005,1986-01-22,1.7699999809265137,B
08JE005,1986-02-22,1.340000033378601,B
08JE005,1986-03-22,1.950000047683716,B
08JE005,1986-04-22,6.150000095367432,
08JE005,1986-05-22,27.5,E
08JE005,1986-06-22,19.799999237060547,E
08JE005,1986-07-22,7.340000152587891,
08JE005,1986-08-22,1.350000023841858,
08JE005,1986-09-22,0.3930000066757202,
08JE005,1986-10-22,1.340000033378601,
08JE005,1986-11-22,1.100000023841858,B
08JE005,1986-12-22,1.090000033378601,B
08JE005,1989-04-22,6.03000020980835,
08JE005,1989-05-22,30.700000762939453,
08JE005,1989-06-22,6.239999771118164,
08JE005,1989-07-22,2.8299999237060547,
08JE005,1989-08-22,1.1399999856948853,
08JE005,1989-09-22,0.22699999809265137,
08JE005,1989-10-22,0.2949999868869781,
08JE005,1989-11-22,1.4299999475479126,B
08JE005,1989-12-22,1.5099999904632568,B
08JE005,1980-01-23,0.875,B
08JE005,1980-02-23,0.9399999976158142,B
08JE005,1980-03-23,0.8999999761581421,B
08JE005,1980-04-23,3.75,B
08JE005,1980-05-23,12.399999618530272,
08JE005,1980-06-23,5.599999904632568,
08JE005,1980-07-23,3.839999914169312,
08JE005,1980-08-23,1.340000033378601,
08JE005,1980-09-23,1.5800000429153442,
08JE005,1980-10-23,1.409999966621399,
08JE005,1980-11-23,4.599999904632568,
08JE005,1980-12-23,3.7699999809265137,B
08JE005,1981-01-23,3.1700000762939453,B
08JE005,1981-02-23,2.6600000858306885,B
08JE005,1981-03-23,1.9700000286102293,B
08JE005,1981-04-23,6.199999809265137,E
08JE005,1981-05-23,31.600000381469727,
08JE005,1981-06-23,15.800000190734863,
08JE005,1981-07-23,5.460000038146973,
08JE005,1981-08-23,1.4299999475479126,
08JE005,1981-09-23,0.6610000133514404,
08JE005,1981-10-23,0.6399999856948853,
08JE005,1981-11-23,1.5,
08JE005,1981-12-23,2.299999952316284,B
08JE005,1982-01-23,1.830000042915344,B
08JE005,1982-02-23,1.2899999618530271,B
08JE005,1982-03-23,1.9900000095367432,B
08JE005,1982-04-23,6.599999904632568,E
08JE005,1982-05-23,35.0,E
08JE005,1982-06-23,15.0,E
08JE005,1982-07-23,7.840000152587891,
08JE005,1982-08-23,3.2699999809265137,
08JE005,1982-09-23,2.400000095367432,
08JE005,1982-10-23,1.7999999523162842,
08JE005,1982-11-23,2.25,B
08JE005,1982-12-23,2.3299999237060547,B
08JE005,1983-01-23,2.819999933242798,B
08JE005,1983-02-23,2.3499999046325684,B
08JE005,1983-03-23,1.899999976158142,B
08JE005,1983-04-23,9.710000038146973,
08JE005,1983-05-23,20.799999237060547,
08JE005,1983-06-23,8.760000228881836,
08JE005,1983-07-23,13.699999809265137,
08JE005,1983-08-23,3.700000047683716,
08JE005,1983-09-23,2.2300000190734863,
08JE005,1983-10-23,2.990000009536743,
08JE005,1983-11-23,1.5499999523162842,
08JE005,1983-12-23,1.25,B
08JE005,1984-01-23,2.799999952316284,B
08JE005,1984-02-23,2.4600000381469727,B
08JE005,1984-03-23,2.900000095367432,B
08JE005,1984-04-23,9.1899995803833,
08JE005,1984-05-23,45.59999847412109,
08JE005,1984-06-23,17.0,
08JE005,1984-07-23,6.559999942779541,
08JE005,1984-08-23,2.25,
08JE005,1984-09-23,1.8600000143051147,
08JE005,1984-10-23,2.3399999141693115,
08JE005,1984-11-23,2.0,B
08JE005,1984-12-23,1.5499999523162842,B
08JE005,1986-01-23,1.7699999809265137,B
08JE005,1986-02-23,1.3600000143051147,B
08JE005,1986-03-23,2.0199999809265137,B
08JE005,1986-04-23,6.119999885559082,
08JE005,1986-05-23,26.899999618530277,E
08JE005,1986-06-23,20.399999618530277,E
08JE005,1986-07-23,6.539999961853027,
08JE005,1986-08-23,1.3200000524520874,
08JE005,1986-09-23,0.6700000166893005,
08JE005,1986-10-23,1.340000033378601,
08JE005,1986-11-23,1.0800000429153442,B
08JE005,1986-12-23,1.1200000047683716,B
08JE005,1989-04-23,6.800000190734863,
08JE005,1989-05-23,29.700000762939453,
08JE005,1989-06-23,5.940000057220459,
08JE005,1989-07-23,2.7300000190734863,
08JE005,1989-08-23,1.0800000429153442,
08JE005,1989-09-23,0.14800000190734863,
08JE005,1989-10-23,0.3070000112056732,
08JE005,1989-11-23,1.6200000047683716,B
08JE005,1989-12-23,1.6200000047683716,B
08JE005,1980-01-24,0.875,B
08JE005,1980-02-24,0.949999988079071,B
08JE005,1980-03-24,0.9049999713897704,B
08JE005,1980-04-24,4.079999923706055,B
08JE005,1980-05-24,12.899999618530272,
08JE005,1980-06-24,5.630000114440918,
08JE005,1980-07-24,3.7899999618530273,
08JE005,1980-08-24,1.3200000524520874,
08JE005,1980-09-24,1.5800000429153442,
08JE005,1980-10-24,1.4299999475479126,
08JE005,1980-11-24,4.539999961853027,
08JE005,1980-12-24,3.7200000286102295,B
08JE005,1981-01-24,3.150000095367432,B
08JE005,1981-02-24,2.619999885559082,B
08JE005,1981-03-24,1.9600000381469729,B
08JE005,1981-04-24,7.5,E
08JE005,1981-05-24,31.200000762939453,
08JE005,1981-06-24,15.300000190734863,
08JE005,1981-07-24,5.300000190734863,
08JE005,1981-08-24,1.4600000381469729,
08JE005,1981-09-24,0.6290000081062317,
08JE005,1981-10-24,0.6320000290870667,
08JE005,1981-11-24,1.4299999475479126,
08JE005,1981-12-24,2.299999952316284,B
08JE005,1982-01-24,1.919999957084656,B
08JE005,1982-02-24,1.2300000190734863,B
08JE005,1982-03-24,2.0199999809265137,B
08JE005,1982-04-24,7.199999809265137,E
08JE005,1982-05-24,34.29999923706055,E
08JE005,1982-06-24,14.600000381469728,E
08JE005,1982-07-24,7.980000019073486,
08JE005,1982-08-24,3.1600000858306885,
08JE005,1982-09-24,2.2300000190734863,
08JE005,1982-10-24,1.840000033378601,
08JE005,1982-11-24,2.0799999237060547,B
08JE005,1982-12-24,2.309999942779541,B
08JE005,1983-01-24,2.809999942779541,B
08JE005,1983-02-24,2.3399999141693115,B
08JE005,1983-03-24,1.850000023841858,B
08JE005,1983-04-24,11.600000381469728,
08JE005,1983-05-24,20.299999237060547,
08JE005,1983-06-24,8.640000343322754,
08JE005,1983-07-24,13.199999809265137,
08JE005,1983-08-24,3.5899999141693115,
08JE005,1983-09-24,2.289999961853028,
08JE005,1983-10-24,2.9800000190734863,
08JE005,1983-11-24,1.5099999904632568,
08JE005,1983-12-24,1.25,B
08JE005,1984-01-24,2.799999952316284,B
08JE005,1984-02-24,2.390000104904175,B
08JE005,1984-03-24,2.930000066757202,B
08JE005,1984-04-24,9.260000228881836,
08JE005,1984-05-24,45.09999847412109,
08JE005,1984-06-24,16.600000381469727,
08JE005,1984-07-24,6.28000020980835,
08JE005,1984-08-24,2.190000057220459,
08JE005,1984-09-24,1.809999942779541,
08JE005,1984-10-24,2.440000057220459,
08JE005,1984-11-24,1.9900000095367432,B
08JE005,1984-12-24,1.5199999809265137,B
08JE005,1986-01-24,1.7799999713897705,B
08JE005,1986-02-24,1.3799999952316284,B
08JE005,1986-03-24,2.0899999141693115,B
08JE005,1986-04-24,6.170000076293945,
08JE005,1986-05-24,26.700000762939453,E
08JE005,1986-06-24,19.600000381469727,E
08JE005,1986-07-24,5.929999828338623,
08JE005,1986-08-24,1.2699999809265137,
08JE005,1986-09-24,0.7889999747276306,
08JE005,1986-10-24,1.3600000143051147,
08JE005,1986-11-24,1.0499999523162842,B
08JE005,1986-12-24,1.1200000047683716,B
08JE005,1989-04-24,7.630000114440918,
08JE005,1989-05-24,28.5,
08JE005,1989-06-24,5.75,
08JE005,1989-07-24,2.609999895095825,
08JE005,1989-08-24,1.0099999904632568,
08JE005,1989-09-24,0.1289999932050705,
08JE005,1989-10-24,0.3030000030994416,
08JE005,1989-11-24,1.7000000476837158,B
08JE005,1989-12-24,1.830000042915344,B
08JE005,1980-01-25,0.8700000047683716,B
08JE005,1980-02-25,0.9700000286102296,B
08JE005,1980-03-25,0.9100000262260436,B
08JE005,1980-04-25,4.900000095367432,B
08JE005,1980-05-25,12.899999618530272,
08JE005,1980-06-25,5.539999961853027,
08JE005,1980-07-25,3.799999952316284,
08JE005,1980-08-25,1.2999999523162842,
08JE005,1980-09-25,1.6200000047683716,
08JE005,1980-10-25,1.409999966621399,
08JE005,1980-11-25,4.510000228881836,
08JE005,1980-12-25,3.700000047683716,B
08JE005,1981-01-25,3.0999999046325684,B
08JE005,1981-02-25,2.5799999237060547,B
08JE005,1981-03-25,1.950000047683716,B
08JE005,1981-04-25,8.75,E
08JE005,1981-05-25,30.5,
08JE005,1981-06-25,14.899999618530272,
08JE005,1981-07-25,5.070000171661377,
08JE005,1981-08-25,1.5499999523162842,
08JE005,1981-09-25,0.5820000171661377,
08JE005,1981-10-25,0.628000020980835,
08JE005,1981-11-25,1.4500000476837158,
08JE005,1981-12-25,2.289999961853028,B
08JE005,1982-01-25,2.009999990463257,B
08JE005,1982-02-25,1.2000000476837158,B
08JE005,1982-03-25,2.130000114440918,B
08JE005,1982-04-25,7.800000190734863,E
08JE005,1982-05-25,33.5,E
08JE005,1982-06-25,14.199999809265137,E
08JE005,1982-07-25,7.75,
08JE005,1982-08-25,3.0999999046325684,
08JE005,1982-09-25,2.1700000762939453,
08JE005,1982-10-25,1.9900000095367432,
08JE005,1982-11-25,2.039999961853028,B
08JE005,1982-12-25,2.309999942779541,B
08JE005,1983-01-25,2.799999952316284,B
08JE005,1983-02-25,2.319999933242798,B
08JE005,1983-03-25,1.7999999523162842,B
08JE005,1983-04-25,13.399999618530272,
08JE005,1983-05-25,19.700000762939453,
08JE005,1983-06-25,8.65999984741211,
08JE005,1983-07-25,12.800000190734863,
08JE005,1983-08-25,3.440000057220459,
08JE005,1983-09-25,2.299999952316284,
08JE005,1983-10-25,2.9100000858306885,
08JE005,1983-11-25,1.5499999523162842,
08JE005,1983-12-25,1.2400000095367432,B
08JE005,1984-01-25,2.799999952316284,B
08JE005,1984-02-25,2.319999933242798,B
08JE005,1984-03-25,2.990000009536743,B
08JE005,1984-04-25,9.229999542236328,
08JE005,1984-05-25,44.70000076293945,
08JE005,1984-06-25,16.200000762939453,
08JE005,1984-07-25,6.059999942779541,
08JE005,1984-08-25,2.0999999046325684,
08JE005,1984-09-25,1.7599999904632568,
08JE005,1984-10-25,2.6600000858306885,
08JE005,1984-11-25,1.940000057220459,B
08JE005,1984-12-25,1.5,B
08JE005,1986-01-25,1.7899999618530271,B
08JE005,1986-02-25,1.399999976158142,B
08JE005,1986-03-25,2.1700000762939453,B
08JE005,1986-04-25,6.199999809265137,
08JE005,1986-05-25,26.799999237060547,E
08JE005,1986-06-25,19.200000762939453,E
08JE005,1986-07-25,5.449999809265137,
08JE005,1986-08-25,1.350000023841858,
08JE005,1986-09-25,0.765999972820282,
08JE005,1986-10-25,1.3700000047683716,
08JE005,1986-11-25,1.0299999713897705,B
08JE005,1986-12-25,1.100000023841858,B
08JE005,1989-04-25,9.029999732971191,
08JE005,1989-05-25,27.399999618530277,
08JE005,1989-06-25,5.579999923706055,
08JE005,1989-07-25,2.5899999141693115,
08JE005,1989-08-25,0.9539999961853028,
08JE005,1989-09-25,0.1430000066757202,
08JE005,1989-10-25,0.33000001311302185,
08JE005,1989-11-25,1.6799999475479126,B
08JE005,1989-12-25,2.700000047683716,B
08JE005,1980-01-26,0.8550000190734863,B
08JE005,1980-02-26,1.0099999904632568,B
08JE005,1980-03-26,0.9100000262260436,B
08JE005,1980-04-26,5.460000038146973,
08JE005,1980-05-26,13.0,
08JE005,1980-06-26,5.619999885559082,
08JE005,1980-07-26,3.650000095367432,
08JE005,1980-08-26,1.309999942779541,
08JE005,1980-09-26,1.6299999952316284,
08JE005,1980-10-26,1.4199999570846558,
08JE005,1980-11-26,4.510000228881836,
08JE005,1980-12-26,3.75,B
08JE005,1981-01-26,3.0,B
08JE005,1981-02-26,2.5299999713897705,B
08JE005,1981-03-26,1.940000057220459,B
08JE005,1981-04-26,10.5,E
08JE005,1981-05-26,30.5,
08JE005,1981-06-26,14.399999618530272,
08JE005,1981-07-26,4.789999961853027,
08JE005,1981-08-26,1.3899999856948853,
08JE005,1981-09-26,0.5619999766349792,
08JE005,1981-10-26,0.6140000224113464,
08JE005,1981-11-26,1.4800000190734863,B
08JE005,1981-12-26,2.2799999713897705,B
08JE005,1982-01-26,2.069999933242798,B
08JE005,1982-02-26,1.1799999475479126,B
08JE005,1982-03-26,2.2100000381469727,B
08JE005,1982-04-26,8.399999618530273,E
08JE005,1982-05-26,32.70000076293945,E
08JE005,1982-06-26,13.699999809265137,E
08JE005,1982-07-26,7.550000190734863,
08JE005,1982-08-26,3.0799999237060547,
08JE005,1982-09-26,2.130000114440918,
08JE005,1982-10-26,2.0299999713897705,
08JE005,1982-11-26,2.059999942779541,B
08JE005,1982-12-26,2.309999942779541,B
08JE005,1983-01-26,2.799999952316284,B
08JE005,1983-02-26,2.299999952316284,B
08JE005,1983-03-26,1.7599999904632568,B
08JE005,1983-04-26,14.600000381469728,
08JE005,1983-05-26,19.0,
08JE005,1983-06-26,8.710000038146973,
08JE005,1983-07-26,12.300000190734863,
08JE005,1983-08-26,3.2799999713897705,
08JE005,1983-09-26,2.289999961853028,
08JE005,1983-10-26,2.7300000190734863,
08JE005,1983-11-26,1.4800000190734863,
08JE005,1983-12-26,1.2300000190734863,B
08JE005,1984-01-26,2.819999933242798,B
08JE005,1984-02-26,2.2799999713897705,B
08JE005,1984-03-26,3.0199999809265137,B
08JE005,1984-04-26,9.289999961853027,
08JE005,1984-05-26,44.20000076293945,
08JE005,1984-06-26,15.800000190734863,
08JE005,1984-07-26,5.809999942779541,
08JE005,1984-08-26,2.049999952316284,
08JE005,1984-09-26,1.7599999904632568,
08JE005,1984-10-26,2.690000057220459,
08JE005,1984-11-26,1.919999957084656,B
08JE005,1984-12-26,1.4800000190734863,B
08JE005,1986-01-26,1.7899999618530271,B
08JE005,1986-02-26,1.4900000095367432,B
08JE005,1986-03-26,2.2300000190734863,B
08JE005,1986-04-26,6.519999980926514,
08JE005,1986-05-26,27.700000762939453,E
08JE005,1986-06-26,18.700000762939453,E
08JE005,1986-07-26,5.010000228881836,
08JE005,1986-08-26,1.3899999856948853,
08JE005,1986-09-26,0.7760000228881836,
08JE005,1986-10-26,1.4900000095367432,
08JE005,1986-11-26,0.9950000047683716,B
08JE005,1986-12-26,1.0800000429153442,B
08JE005,1989-04-26,10.800000190734863,
08JE005,1989-05-26,26.700000762939453,
08JE005,1989-06-26,5.150000095367432,
08JE005,1989-07-26,2.509999990463257,
08JE005,1989-08-26,0.9430000185966492,
08JE005,1989-09-26,0.16099999845027924,
08JE005,1989-10-26,0.38199999928474426,
08JE005,1989-11-26,1.4800000190734863,B
08JE005,1989-12-26,3.25,B
08JE005,1980-01-27,0.8500000238418579,B
08JE005,1980-02-27,1.0800000429153442,B
08JE005,1980-03-27,0.9100000262260436,B
08JE005,1980-04-27,5.960000038146973,
08JE005,1980-05-27,12.800000190734863,
08JE005,1980-06-27,5.71999979019165,
08JE005,1980-07-27,3.619999885559082,
08JE005,1980-08-27,1.309999942779541,
08JE005,1980-09-27,1.649999976158142,
08JE005,1980-10-27,1.4500000476837158,
08JE005,1980-11-27,4.550000190734863,
08JE005,1980-12-27,3.849999904632568,B
08JE005,1981-01-27,2.950000047683716,B
08JE005,1981-02-27,2.4800000190734863,B
08JE005,1981-03-27,1.9299999475479128,B
08JE005,1981-04-27,12.100000381469728,A
08JE005,1981-05-27,30.600000381469727,
08JE005,1981-06-27,13.800000190734863,
08JE005,1981-07-27,4.670000076293945,
08JE005,1981-08-27,1.350000023841858,
08JE005,1981-09-27,0.5550000071525574,
08JE005,1981-10-27,0.6290000081062317,
08JE005,1981-11-27,1.4900000095367432,B
08JE005,1981-12-27,2.2699999809265137,B
08JE005,1982-01-27,2.119999885559082,B
08JE005,1982-02-27,1.1699999570846558,B
08JE005,1982-03-27,2.309999942779541,B
08JE005,1982-04-27,9.100000381469728,E
08JE005,1982-05-27,32.0,E
08JE005,1982-06-27,13.5,E
08JE005,1982-07-27,7.300000190734863,
08JE005,1982-08-27,3.069999933242798,
08JE005,1982-09-27,2.009999990463257,
08JE005,1982-10-27,2.190000057220459,
08JE005,1982-11-27,2.0999999046325684,B
08JE005,1982-12-27,2.299999952316284,B
08JE005,1983-01-27,2.7799999713897705,B
08JE005,1983-02-27,2.259999990463257,B
08JE005,1983-03-27,1.7200000286102295,
08JE005,1983-04-27,15.699999809265137,
08JE005,1983-05-27,18.600000381469727,
08JE005,1983-06-27,8.609999656677246,
08JE005,1983-07-27,12.100000381469728,
08JE005,1983-08-27,3.150000095367432,
08JE005,1983-09-27,2.380000114440918,
08JE005,1983-10-27,2.680000066757202,
08JE005,1983-11-27,1.5099999904632568,
08JE005,1983-12-27,1.2200000286102295,B
08JE005,1984-01-27,2.8299999237060547,B
08JE005,1984-02-27,2.259999990463257,B
08JE005,1984-03-27,3.0899999141693115,B
08JE005,1984-04-27,9.390000343322754,
08JE005,1984-05-27,43.29999923706055,
08JE005,1984-06-27,15.300000190734863,
08JE005,1984-07-27,5.420000076293945,
08JE005,1984-08-27,1.9600000381469729,
08JE005,1984-09-27,1.7300000190734863,
08JE005,1984-10-27,2.630000114440918,
08JE005,1984-11-27,1.8799999952316284,B
08JE005,1984-12-27,1.4600000381469729,B
08JE005,1986-01-27,1.7899999618530271,B
08JE005,1986-02-27,1.5299999713897705,B
08JE005,1986-03-27,2.289999961853028,B
08JE005,1986-04-27,6.929999828338623,
08JE005,1986-05-27,30.100000381469727,E
08JE005,1986-06-27,18.0,E
08JE005,1986-07-27,4.400000095367432,
08JE005,1986-08-27,1.399999976158142,
08JE005,1986-09-27,0.7609999775886536,
08JE005,1986-10-27,1.590000033378601,
08JE005,1986-11-27,0.972000002861023,B
08JE005,1986-12-27,1.0700000524520874,B
08JE005,1989-04-27,13.300000190734863,
08JE005,1989-05-27,25.799999237060547,
08JE005,1989-06-27,4.980000019073486,
08JE005,1989-07-27,2.430000066757202,
08JE005,1989-08-27,0.9380000233650208,
08JE005,1989-09-27,0.1459999978542328,
08JE005,1989-10-27,0.3779999911785126,
08JE005,1989-11-27,1.3200000524520874,B
08JE005,1989-12-27,3.359999895095825,B
08JE005,1980-01-28,0.8500000238418579,B
08JE005,1980-02-28,1.059999942779541,B
08JE005,1980-03-28,0.9100000262260436,B
08JE005,1980-04-28,6.199999809265137,
08JE005,1980-05-28,12.600000381469728,
08JE005,1980-06-28,5.900000095367432,
08JE005,1980-07-28,3.440000057220459,
08JE005,1980-08-28,1.309999942779541,
08JE005,1980-09-28,1.6699999570846558,
08JE005,1980-10-28,1.4500000476837158,
08JE005,1980-11-28,4.5,
08JE005,1980-12-28,3.990000009536743,B
08JE005,1981-01-28,2.900000095367432,B
08JE005,1981-02-28,2.430000066757202,B
08JE005,1981-03-28,1.9299999475479128,B
08JE005,1981-04-28,13.300000190734863,
08JE005,1981-05-28,30.5,
08JE005,1981-06-28,13.199999809265137,
08JE005,1981-07-28,4.619999885559082,
08JE005,1981-08-28,1.2599999904632568,
08JE005,1981-09-28,0.5699999928474426,
08JE005,1981-10-28,0.7039999961853027,
08JE005,1981-11-28,1.5,B
08JE005,1981-12-28,2.25,B
08JE005,1982-01-28,2.180000066757202,B
08JE005,1982-02-28,1.159999966621399,B
08JE005,1982-03-28,2.400000095367432,B
08JE005,1982-04-28,10.0,E
08JE005,1982-05-28,31.100000381469727,E
08JE005,1982-06-28,13.399999618530272,E
08JE005,1982-07-28,7.03000020980835,
08JE005,1982-08-28,2.970000028610229,
08JE005,1982-09-28,1.940000057220459,
08JE005,1982-10-28,2.2699999809265137,
08JE005,1982-11-28,2.220000028610229,B
08JE005,1982-12-28,2.289999961853028,B
08JE005,1983-01-28,2.759999990463257,B
08JE005,1983-02-28,2.2300000190734863,B
08JE005,1983-03-28,1.7100000381469729,
08JE005,1983-04-28,17.200000762939453,
08JE005,1983-05-28,18.200000762939453,
08JE005,1983-06-28,8.5600004196167,
08JE005,1983-07-28,11.699999809265137,
08JE005,1983-08-28,3.0199999809265137,
08JE005,1983-09-28,2.4600000381469727,
08JE005,1983-10-28,2.5799999237060547,
08JE005,1983-11-28,1.5499999523162842,
08JE005,1983-12-28,1.2100000381469729,B
08JE005,1984-01-28,2.8499999046325684,B
08JE005,1984-02-28,2.2699999809265137,B
08JE005,1984-03-28,3.109999895095825,B
08JE005,1984-04-28,9.5,
08JE005,1984-05-28,42.20000076293945,
08JE005,1984-06-28,15.199999809265137,
08JE005,1984-07-28,5.269999980926514,
08JE005,1984-08-28,1.909999966621399,
08JE005,1984-09-28,1.7100000381469729,
08JE005,1984-10-28,2.4600000381469727,B
08JE005,1984-11-28,1.870000004768372,B
08JE005,1984-12-28,1.440000057220459,B
08JE005,1986-01-28,1.7799999713897705,B
08JE005,1986-02-28,1.5800000429153442,B
08JE005,1986-03-28,2.3399999141693115,B
08JE005,1986-04-28,6.989999771118164,
08JE005,1986-05-28,35.70000076293945,E
08JE005,1986-06-28,17.399999618530273,E
08JE005,1986-07-28,4.090000152587891,
08JE005,1986-08-28,1.399999976158142,
08JE005,1986-09-28,0.7730000019073486,
08JE005,1986-10-28,1.5,
08JE005,1986-11-28,0.953000009059906,B
08JE005,1986-12-28,1.0399999618530271,B
08JE005,1989-04-28,16.399999618530273,
08JE005,1989-05-28,24.700000762939453,
08JE005,1989-06-28,4.699999809265137,
08JE005,1989-07-28,2.289999961853028,
08JE005,1989-08-28,0.8960000276565552,
08JE005,1989-09-28,0.1289999932050705,
08JE005,1989-10-28,0.36000001430511475,
08JE005,1989-11-28,1.2799999713897705,B
08JE005,1989-12-28,3.299999952316284,B
08JE005,1980-01-29,0.8450000286102295,B
08JE005,1980-02-29,1.0499999523162842,B
08JE005,1980-03-29,0.915000021457672,B
08JE005,1980-04-29,6.460000038146973,
08JE005,1980-05-29,12.600000381469728,
08JE005,1980-06-29,5.989999771118164,
08JE005,1980-07-29,3.2799999713897705,
08JE005,1980-08-29,1.25,
08JE005,1980-09-29,1.7400000095367432,
08JE005,1980-10-29,1.4600000381469729,
08JE005,1980-11-29,4.360000133514404,
08JE005,1980-12-29,4.010000228881836,B
08JE005,1981-01-29,2.8499999046325684,B
08JE005,1981-03-29,1.940000057220459,B
08JE005,1981-04-29,14.100000381469728,
08JE005,1981-05-29,30.5,
08JE005,1981-06-29,12.899999618530272,
08JE005,1981-07-29,4.650000095367432,
08JE005,1981-08-29,1.2100000381469729,
08JE005,1981-09-29,0.531000018119812,
08JE005,1981-10-29,0.7200000286102295,
08JE005,1981-11-29,1.4900000095367432,B
08JE005,1981-12-29,2.220000028610229,B
08JE005,1982-01-29,2.220000028610229,B
08JE005,1982-03-29,2.5,B
08JE005,1982-04-29,11.0,E
08JE005,1982-05-29,30.299999237060547,E
08JE005,1982-06-29,13.300000190734863,E
08JE005,1982-07-29,6.739999771118164,
08JE005,1982-08-29,2.869999885559082,
08JE005,1982-09-29,1.899999976158142,
08JE005,1982-10-29,2.3299999237060547,
08JE005,1982-11-29,2.2799999713897705,B
08JE005,1982-12-29,2.25,B
08JE005,1983-01-29,2.75,B
08JE005,1983-03-29,1.6799999475479126,
08JE005,1983-04-29,18.200000762939453,
08JE005,1983-05-29,17.799999237060547,
08JE005,1983-06-29,8.630000114440918,
08JE005,1983-07-29,11.100000381469728,
08JE005,1983-08-29,2.990000009536743,
08JE005,1983-09-29,2.509999990463257,
08JE005,1983-10-29,2.539999961853028,
08JE005,1983-11-29,1.5800000429153442,
08JE005,1983-12-29,1.2300000190734863,B
08JE005,1984-01-29,2.869999885559082,B
08JE005,1984-02-29,2.2799999713897705,B
08JE005,1984-03-29,3.1700000762939453,B
08JE005,1984-04-29,9.550000190734863,
08JE005,1984-05-29,40.79999923706055,
08JE005,1984-06-29,14.699999809265137,
08JE005,1984-07-29,5.059999942779541,
08JE005,1984-08-29,1.8799999952316284,
08JE005,1984-09-29,1.75,
08JE005,1984-10-29,2.289999961853028,B
08JE005,1984-11-29,1.850000023841858,B
08JE005,1984-12-29,1.4199999570846558,B
08JE005,1986-01-29,1.7899999618530271,B
08JE005,1986-03-29,2.380000114440918,B
08JE005,1986-04-29,7.25,
08JE005,1986-05-29,39.0,E
08JE005,1986-06-29,16.899999618530273,E
08JE005,1986-07-29,3.849999904632568,
08JE005,1986-08-29,1.3799999952316284,
08JE005,1986-09-29,0.8389999866485596,
08JE005,1986-10-29,1.5399999618530271,
08JE005,1986-11-29,0.9290000200271606,B
08JE005,1986-12-29,1.0099999904632568,B
08JE005,1989-04-29,19.700000762939453,
08JE005,1989-05-29,24.0,
08JE005,1989-06-29,4.489999771118164,
08JE005,1989-07-29,2.2300000190734863,
08JE005,1989-08-29,0.8420000076293945,
08JE005,1989-09-29,0.2140000015497208,
08JE005,1989-10-29,0.3910000026226044,
08JE005,1989-11-29,1.2699999809265137,B
08JE005,1989-12-29,3.059999942779541,B
08JE005,1980-01-30,0.8500000238418579,B
08JE005,1980-03-30,0.915000021457672,B
08JE005,1980-04-30,6.679999828338623,
08JE005,1980-05-30,12.399999618530272,
08JE005,1980-06-30,6.019999980926514,
08JE005,1980-07-30,3.180000066757202,
08JE005,1980-08-30,1.2400000095367432,
08JE005,1980-09-30,1.7300000190734863,
08JE005,1980-10-30,1.4700000286102295,
08JE005,1980-11-30,4.150000095367432,B
08JE005,1980-12-30,4.03000020980835,B
08JE005,1981-01-30,2.819999933242798,B
08JE005,1981-03-30,1.9700000286102293,B
08JE005,1981-04-30,15.899999618530272,
08JE005,1981-05-30,30.200000762939453,
08JE005,1981-06-30,12.600000381469728,
08JE005,1981-07-30,4.440000057220459,
08JE005,1981-08-30,1.1299999952316284,
08JE005,1981-09-30,0.6389999985694885,
08JE005,1981-10-30,0.7590000033378601,
08JE005,1981-11-30,1.4900000095367432,B
08JE005,1981-12-30,2.180000066757202,B
08JE005,1982-01-30,2.240000009536743,B
08JE005,1982-03-30,2.5799999237060547,B
08JE005,1982-04-30,12.100000381469728,E
08JE005,1982-05-30,29.700000762939453,E
08JE005,1982-06-30,13.600000381469728,A
08JE005,1982-07-30,6.349999904632568,
08JE005,1982-08-30,2.799999952316284,
08JE005,1982-09-30,1.8799999952316284,
08JE005,1982-10-30,2.3299999237060547,
08JE005,1982-11-30,2.299999952316284,B
08JE005,1982-12-30,2.200000047683716,B
08JE005,1983-01-30,2.740000009536743,B
08JE005,1983-03-30,1.690000057220459,
08JE005,1983-04-30,19.5,
08JE005,1983-05-30,17.299999237060547,
08JE005,1983-06-30,8.789999961853027,
08JE005,1983-07-30,10.800000190734863,
08JE005,1983-08-30,3.069999933242798,
08JE005,1983-09-30,2.539999961853028,
08JE005,1983-10-30,2.440000057220459,
08JE005,1983-11-30,1.5399999618530271,B
08JE005,1983-12-30,1.2400000095367432,B
08JE005,1984-01-30,2.890000104904175,B
08JE005,1984-03-30,3.190000057220459,B
08JE005,1984-04-30,9.760000228881836,
08JE005,1984-05-30,39.900001525878906,
08JE005,1984-06-30,14.399999618530272,
08JE005,1984-07-30,4.869999885559082,
08JE005,1984-08-30,1.8600000143051147,
08JE005,1984-09-30,1.7200000286102295,
08JE005,1984-10-30,2.180000066757202,B
08JE005,1984-11-30,1.8200000524520876,B
08JE005,1984-12-30,1.399999976158142,B
08JE005,1986-01-30,1.7599999904632568,B
08JE005,1986-03-30,2.369999885559082,B
08JE005,1986-04-30,7.579999923706055,
08JE005,1986-05-30,40.70000076293945,E
08JE005,1986-06-30,16.200000762939453,E
08JE005,1986-07-30,3.910000085830689,
08JE005,1986-08-30,1.2999999523162842,
08JE005,1986-09-30,0.8740000128746033,
08JE005,1986-10-30,1.600000023841858,
08JE005,1986-11-30,0.915000021457672,B
08JE005,1986-12-30,0.9900000095367432,B
08JE005,1989-04-30,22.399999618530277,
08JE005,1989-05-30,22.600000381469727,
08JE005,1989-06-30,4.389999866485596,
08JE005,1989-07-30,2.190000057220459,
08JE005,1989-08-30,0.8100000023841858,
08JE005,1989-09-30,0.2380000054836273,
08JE005,1989-10-30,0.4819999933242798,
08JE005,1989-11-30,1.2599999904632568,B
08JE005,1989-12-30,2.720000028610229,B
08JE005,1980-01-31,0.8600000143051147,B
08JE005,1980-03-31,0.9200000166893004,B
08JE005,1980-05-31,11.800000190734863,
08JE005,1980-07-31,3.1600000858306885,
08JE005,1980-08-31,1.2100000381469729,
08JE005,1980-10-31,1.6799999475479126,
08JE005,1980-12-31,4.0,B
08JE005,1981-01-31,2.799999952316284,B
08JE005,1981-03-31,1.9900000095367432,B
08JE005,1981-05-31,29.600000381469727,
08JE005,1981-07-31,4.139999866485596,
08JE005,1981-08-31,1.090000033378601,
08JE005,1981-10-31,0.8109999895095825,
08JE005,1981-12-31,2.150000095367432,B
08JE005,1982-01-31,2.2300000190734863,B
08JE005,1982-03-31,2.650000095367432,B
08JE005,1982-05-31,29.0,E
08JE005,1982-07-31,6.03000020980835,
08JE005,1982-08-31,2.700000047683716,
08JE005,1982-10-31,2.430000066757202,
08JE005,1982-12-31,2.1700000762939453,B
08JE005,1983-01-31,2.7300000190734863,B
08JE005,1983-03-31,1.6699999570846558,
08JE005,1983-05-31,17.0,
08JE005,1983-07-31,10.100000381469728,
08JE005,1983-08-31,2.930000066757202,
08JE005,1983-10-31,2.440000057220459,
08JE005,1983-12-31,1.2899999618530271,B
08JE005,1984-01-31,2.950000047683716,B
08JE005,1984-03-31,3.2100000381469727,B
08JE005,1984-05-31,38.59999847412109,
08JE005,1984-07-31,4.75,
08JE005,1984-08-31,1.899999976158142,
08JE005,1984-10-31,2.0999999046325684,B
08JE005,1984-12-31,1.3899999856948853,B
08JE005,1986-01-31,1.75,B
08JE005,1986-03-31,2.430000066757202,B
08JE005,1986-05-31,41.59999847412109,E
08JE005,1986-07-31,3.9600000381469727,
08JE005,1986-08-31,1.2100000381469729,
08JE005,1986-10-31,1.5800000429153442,
08JE005,1986-12-31,0.975000023841858,B
08JE005,1989-05-31,21.299999237060547,
08JE005,1989-07-31,2.150000095367432,
08JE005,1989-08-31,0.7720000147819519,
08JE005,1989-10-31,0.4449999928474426,
08JE005,1989-12-31,2.5999999046325684,B
